25

7 7
5 6 6 5 3 4 2

8 7
8 2 6 5 5 2 2

9 7
2 3 1 9 9 9 7

9 8
1 3 2 5 1 2 2 2

10 8
10 4 10 3 1 10 9 9

90 90
2 80 64 63 70 38 2 88 50 86 77 59 53 83 30 43 4 43 33 27 38 35 87 52 7 84 20 61 47 9 55 59 87 75 56 2 36 17 64 36 22 49 90 8 20 78 20 2 76 66 81 50 84 71 65 56 15 49 64 69 41 17 71 79 33 9 39 56 60 27 5 84 12 34 82 46 64 69 46 60 32 29 66 88 48 67 50 29 90 90

96 95
63 78 81 88 10 27 39 55 12 15 61 66 78 76 30 32 50 24 36 66 55 57 56 96 1 80 50 71 37 21 94 93 52 64 45 85 70 96 8 59 4 92 91 54 74 59 31 71 16 5 29 44 50 11 59 77 42 2 14 74 22 39 56 43 67 67 36 46 56 35 30 54 41 61 30 50 57 24 25 48 43 1 47 6 49 24 14 12 3 1 12 6 22 34 39

100 99
13 97 70 26 85 86 18 70 36 80 84 31 2 100 62 21 45 15 98 99 29 86 8 100 12 56 87 89 26 91 22 14 11 88 57 10 2 39 95 15 32 79 48 84 30 26 98 97 58 91 36 2 56 34 42 89 20 76 46 85 60 82 82 62 54 29 48 7 13 3 9 49 7 67 15 8 33 16 14 62 56 57 40 47 2 34 59 50 28 31 13 10 1 11 24 21 38 35 6

97 93
93 89 4 55 53 31 32 93 43 9 34 63 68 16 73 7 84 11 94 65 76 60 77 71 89 54 64 70 34 63 8 77 94 52 57 1 11 69 36 5 95 50 63 35 92 29 13 48 56 1 33 77 44 84 89 52 17 20 70 82 19 25 26 80 31 49 50 13 73 9 72 47 28 70 35 5 1 45 7 64 64 43 61 11 18 6 35 15 18 18 3 28 2

95 94
94 60 62 7 53 71 47 70 90 74 36 27 95 30 31 23 18 73 26 67 73 28 74 26 75 87 73 41 44 58 8 53 84 8 21 42 43 66 15 52 26 58 61 8 95 76 7 83 93 81 55 18 36 79 48 91 65 38 7 40 71 1 60 75 83 32 70 39 73 77 44 58 58 73 17 65 50 57 55 8 58 8 21 63 13 34 47 59 16 48 12 43 31 42

99 96
8 46 99 41 96 25 77 24 50 86 8 87 26 23 87 35 61 5 40 60 68 13 15 42 45 76 22 47 6 72 13 69 35 60 67 23 19 64 59 51 42 45 44 36 21 56 41 18 4 48 37 8 49 39 5 33 39 5 6 31 32 26 24 10 23 10 26 27 6 6 12 15 26 20 13 15 18 12 15 9 5 1 2 7 10 12 2 1 3 3 2 11 2 6 1 6

95 96
70 51 13 62 89 20 63 12 68 78 50 93 23 27 65 40 84 21 38 86 73 87 46 75 60 75 62 46 16 56 49 37 13 55 64 37 50 6 25 12 24 19 46 56 20 17 12 60 28 7 57 44 26 47 34 8 48 48 44 48 23 41 45 3 6 7 24 20 19 35 24 27 1 34 11 4 25 28 12 1 3 19 1 6 2 8 12 6 3 17 17 1 4 7 5 2

92 93
41 39 65 25 12 86 19 43 48 38 67 75 32 44 64 12 15 71 39 77 48 31 37 90 64 44 65 92 42 7 43 28 54 34 80 79 63 67 7 48 27 61 70 59 4 11 24 46 23 32 55 74 1 40 70 53 5 41 57 2 38 16 62 4 50 59 1 3 52 16 49 15 37 13 31 7 44 28 43 45 33 6 40 6 18 14 10 4 36 2 25 33 9

98 99
92 69 1 15 9 43 12 20 36 23 26 6 70 59 83 57 61 25 74 50 20 33 44 34 8 35 29 82 54 79 81 13 87 9 84 35 40 40 69 16 73 47 36 8 13 2 39 73 48 26 36 32 41 10 12 39 55 2 37 34 12 24 16 20 5 9 4 27 6 50 19 5 47 22 36 44 41 27 26 28 27 13 32 35 31 3 30 24 9 7 23 1 12 22 6 5 10 5 21

93 95
59 17 48 67 12 74 32 2 52 43 20 7 88 72 58 69 3 45 64 7 24 78 61 72 31 16 50 42 46 58 5 61 21 22 13 1 58 25 28 37 47 41 39 39 55 7 35 52 43 8 42 22 4 44 27 6 8 26 9 4 39 34 22 31 7 8 11 32 4 1 1 8 21 2 14 8 5 14 5 11 3 3 5 13 2 13 6 9 4 7 6 6 5 4 5

976 988
217 940 941 222 25 970 930 972 640 958 413 81 243 907 322 563 181 411 907 541 294 645 747 759 614 383 827 477 70 881 771 700 552 205 684 872 17 825 54 147 590 334 618 73 45 13 468 400 778 643 545 924 310 644 362 592 909 584 704 38 201 662 307 789 121 378 897 726 468 237 145 143 179 902 496 678 949 381 465 25 649 45 228 472 793 89 99 860 134 115 602 515 419 370 117 800 787 744 70 156 381 362 793 168 855 325 893 356 783 432 765 269 431 811 629 339 111 303 127 73 603 136 410 466 118 578 353 615 430 730 716 304 324 288 763 57 94 758 621 793 557 36 459 427 155 803 281 62 200 749 409 142 820 220 398 445 373 362 832 698 847 179 223 181 466 598 427 760 684 535 616 555 820 658 40 309 634 649 494 58 334 548 232 332 743 481 628 653 45 321 174 706 775 353 602 416 375 564 73 749 403 98 582 66 65 293 303 774 360 222 433 814 511 603 274 24 317 106 471 355 561 533 112 661 560 117 9 672 262 193 118 28 318 141 534 531 353 236 137 234 521 578 311 50 378 348 464 327 389 1 596 125 346 537 605 101 333 681 336 733 266 600 599 748 122 84 334 14 344 534 664 6 230 145 553 285 467 203 382 35 700 714 165 36 540 234 506 682 578 384 347 566 613 733 156 461 480 632 241 56 62 176 141 134 600 104 303 407 626 646 314 204 132 332 90 36 685 437 180 274 204 541 155 540 641 606 335 398 662 316 156 118 114 402 583 683 402 152 521 7 46 595 329 575 198 358 149 80 240 628 497 369 37 259 419 241 275 632 156 43 424 454 219 472 604 202 555 654 236 420 32 560 36 139 340 118 81 455 509 417 216 418 117 182 552 104 251 27 475 487 304 471 105 255 444 179 42 362 541 51 446 567 266 386 127 71 441 357 343 331 14 501 50 178 51 509 111 17 595 3 63 526 45 420 54 312 89 196 204 54 225 560 115 343 211 330 195 132 147 295 180 359 389 162 570 572 137 19 355 38 14 8 134 431 108 36 509 274 415 110 533 428 404 537 241 56 220 248 43 198 78 269 107 421 298 155 221 274 447 53 326 124 515 113 359 123 270 124 529 14 529 248 523 143 276 135 375 522 1 184 465 185 330 244 177 472 95 242 130 254 49 155 261 351 337 410 37 412 185 482 232 396 384 84 217 323 28 198 41 363 277 310 32 59 6 11 446 366 372 13 210 143 330 207 363 219 184 74 263 108 297 117 354 249 459 445 433 155 395 404 465 300 293 52 409 99 38 347 144 209 64 247 117 187 309 204 361 448 240 270 278 271 272 139 16 316 266 296 201 385 59 96 71 24 124 275 146 398 334 426 303 359 84 385 163 304 154 187 117 301 78 183 234 71 161 66 402 356 351 110 277 259 347 354 208 310 363 251 154 172 112 166 280 148 344 372 215 73 139 362 320 330 56 217 240 236 160 324 230 121 306 27 216 296 60 42 230 142 25 145 251 143 170 324 168 75 53 267 45 182 45 36 114 34 293 7 62 246 63 220 38 71 208 321 329 112 178 240 179 167 332 16 57 323 223 301 173 256 317 189 129 265 46 243 314 247 220 145 160 173 315 144 203 48 105 43 46 281 80 216 241 237 199 228 4 85 148 113 234 160 18 264 99 125 115 11 83 9 47 236 207 122 7 195 24 185 35 256 18 2 172 167 7 1 134 218 258 34 221 83 237 39 116 44 77 257 248 201 75 71 235 200 234 148 39 185 208 67 95 86 51 240 7 54 179 196 114 94 87 235 150 68 225 199 128 3 117 12 223 220 54 28 71 58 142 60 162 22 191 114 12 34 10 139 20 179 162 151 72 183 43 91 37 102 21 24 155 26 161 113 59 18 65 119 19 94 165 102 187 157 52 128 34 177 59 25 33 6 63 78 68 121 45 99 160 11 59 69 167 78 128 31 64 54 117 29 62 55 99 62 123 137 49 86 26 71 49 120 91 68 117 31 19 1 21 16 94 89 88 62 119 102 70 10 15 39 102 127 96 16 95 110 80 122 53 80 30 52 39 99 16 73 97 50 8 46 103 47 48 85 22 23 93 2 47 36 98 11 47 57 65 93 17 80 21 28 17 74 69 47 68 11 2 26 24 27 73 47 71 7 59 69 27 70 50 59 62 22 19 27 27 37 2 39 12 33 15 21 15 16 34 37 15 15 12 12 18 24 25 33 10 13 19 39 3 13 28 31

993 973
820 643 181 873 923 628 247 925 109 704 609 595 66 968 749 186 361 361 670 947 760 806 452 727 161 253 317 694 149 707 429 866 636 394 945 988 406 392 855 482 254 526 617 265 777 839 221 52 562 435 602 336 271 415 176 829 934 682 655 580 737 565 818 468 612 55 665 468 159 285 592 337 446 757 225 83 251 106 895 706 111 308 401 386 650 817 394 576 501 212 801 904 672 119 656 45 720 301 565 978 118 154 788 807 11 863 893 239 987 781 279 972 862 615 795 229 928 486 341 588 805 467 855 512 710 771 958 733 283 519 305 390 40 501 262 329 836 669 69 893 338 389 64 488 666 913 681 528 164 984 473 566 636 644 480 928 960 244 941 408 139 746 312 656 568 221 428 669 336 950 986 850 350 186 652 476 349 23 360 15 809 938 532 317 510 901 911 632 854 222 540 648 287 547 313 728 6 907 742 12 341 689 471 479 328 789 88 137 97 389 928 469 107 697 832 658 964 98 134 589 193 929 594 296 648 968 86 689 743 898 103 331 386 703 667 772 596 892 773 802 369 743 276 409 627 662 97 824 123 373 269 86 848 904 558 415 706 388 311 858 98 137 914 571 227 738 713 800 291 704 562 375 697 498 735 908 878 554 594 483 420 89 778 675 546 830 647 99 727 389 517 338 292 248 816 11 651 365 244 101 438 129 543 740 459 870 289 239 361 440 443 541 123 413 560 25 817 252 56 836 870 482 614 432 90 647 841 388 42 327 601 684 630 272 597 607 722 58 680 143 853 431 366 399 589 777 80 246 800 820 150 571 227 484 528 17 64 796 457 194 1 665 405 71 780 445 563 662 101 550 662 264 258 241 739 127 640 273 16 121 37 416 262 555 250 807 683 738 182 629 385 585 511 212 796 385 260 61 108 125 592 208 44 373 42 465 497 368 236 78 372 700 539 643 546 60 465 512 232 35 396 322 314 663 63 246 312 204 521 665 279 707 338 574 656 729 416 259 284 720 718 463 575 413 676 453 144 643 236 616 364 382 421 569 259 403 715 704 58 42 9 558 154 113 109 546 647 659 242 531 454 8 207 602 231 428 259 29 602 673 310 701 212 474 232 662 109 673 299 313 508 473 557 328 242 556 480 484 414 476 568 273 449 43 275 500 382 643 459 255 119 564 629 85 676 496 269 371 281 51 1 618 668 19 154 355 627 514 103 406 408 343 419 478 275 430 163 158 387 415 111 473 110 456 44 139 584 529 128 314 209 398 611 288 136 267 200 153 232 278 538 2 258 417 288 268 327 238 452 13 9 432 99 331 248 492 79 48 57 460 503 425 58 442 277 417 384 378 359 306 603 486 45 82 582 58 20 80 587 190 456 139 216 111 268 576 572 510 229 285 317 74 204 303 187 551 89 531 128 176 550 77 84 523 71 119 75 447 315 56 544 416 55 274 470 89 320 175 194 283 426 299 30 484 473 467 270 223 71 178 220 398 314 454 535 69 242 270 369 283 304 20 101 210 441 95 410 382 291 235 50 187 271 411 190 92 186 503 377 385 491 173 403 52 98 56 275 312 481 379 85 310 448 14 343 322 167 207 325 338 56 37 150 255 466 180 337 316 29 116 105 119 158 377 472 100 259 72 97 332 257 418 418 462 388 201 250 55 251 159 334 366 178 115 422 67 259 46 411 357 227 411 408 56 279 172 261 409 24 252 236 248 201 414 24 415 227 388 25 369 85 309 255 215 65 428 24 168 175 339 77 19 184 30 141 86 166 284 63 269 280 126 214 390 329 77 408 170 228 247 115 266 275 378 117 88 152 303 194 141 15 277 175 31 118 55 275 307 44 122 268 294 333 254 200 161 12 121 350 217 103 279 316 70 21 130 35 117 271 328 156 334 246 25 124 240 167 237 313 330 40 107 17 79 18 185 189 122 68 256 240 159 339 89 110 287 279 248 96 105 62 179 272 180 35 87 166 293 223 101 209 81 125 157 154 218 198 241 121 2 289 51 85 100 107 91 252 172 9 206 85 52 299 84 118 294 145 122 81 23 81 246 145 88 155 268 236 115 219 274 243 49 232 185 68 175 193 174 200 194 244 64 51 128 22 48 111 170 96 177 149 23 40 60 58 94 103 168 4 33 80 134 234 195 51 77 91 202 226 132 113 234 68 173 169 118 27 146 38 192 188 50 59 5 155 196 205 226 20 122 65 211 165

995 973
723 595 814 870 293 391 244 301 220 213 989 988 431 934 834 223 832 889 65 685 531 356 689 392 86 472 459 851 85 50 225 357 599 119 384 941 639 58 102 275 728 221 607 807 821 394 937 672 315 861 6 837 15 401 411 59 186 879 217 870 756 176 672 798 427 570 342 936 59 606 537 567 818 190 946 458 389 442 831 622 864 503 512 15 69 601 271 446 604 171 83 315 898 631 732 817 456 471 70 615 205 882 175 643 416 381 39 34 192 906 649 633 37 748 231 211 752 802 821 826 38 105 568 550 235 646 471 59 21 767 918 166 437 498 344 736 832 883 731 421 582 928 701 222 487 348 104 631 306 486 794 988 838 179 82 348 721 735 789 610 318 130 435 740 170 327 912 603 126 803 75 854 880 807 880 147 586 122 698 101 434 180 183 850 149 957 123 509 533 934 153 500 630 941 726 436 152 126 423 583 386 217 687 279 908 1 6 44 582 167 377 303 670 766 675 163 389 752 343 931 909 42 561 969 799 187 490 826 86 201 810 422 420 525 965 17 929 491 899 950 751 880 288 899 284 270 382 9 41 737 800 991 147 393 962 462 434 24 589 306 264 399 267 595 656 158 214 437 141 213 104 164 637 173 695 221 986 317 562 572 607 173 68 576 114 247 436 590 895 620 254 816 54 336 262 464 216 803 895 9 11 22 688 917 708 29 445 189 908 884 129 187 73 296 28 746 579 102 887 991 532 1 690 805 523 675 358 960 699 860 740 2 577 716 171 759 82 214 560 64 230 223 792 358 588 425 751 604 754 402 891 233 481 638 140 686 826 572 756 416 440 46 978 360 985 908 9 137 727 965 600 403 903 367 808 532 620 13 887 634 843 188 331 670 935 788 461 466 896 936 370 915 166 157 783 199 470 172 203 174 57 631 317 501 95 169 660 300 707 539 117 111 558 772 333 222 692 883 248 565 32 871 673 194 898 886 852 690 657 901 309 537 183 180 177 817 833 905 852 897 817 214 7 374 163 571 593 40 565 858 279 499 508 603 264 191 714 776 784 240 723 806 406 622 742 669 135 310 98 593 281 219 453 280 668 83 358 876 228 161 401 448 330 304 822 855 656 715 89 183 337 293 246 663 65 858 204 535 425 523 419 380 117 394 380 844 827 72 422 56 394 842 320 810 235 387 492 163 826 255 180 362 54 224 398 657 459 571 329 317 423 783 625 82 819 456 512 451 578 614 425 516 175 284 204 191 502 705 96 804 466 395 6 454 720 102 218 305 576 668 459 49 395 581 240 654 31 535 650 317 282 293 285 748 703 413 343 738 640 524 215 574 723 655 469 530 556 530 184 264 482 126 313 406 517 161 657 153 243 373 533 196 620 41 164 491 682 658 206 580 299 326 128 574 632 314 347 198 25 66 601 698 655 3 200 577 448 348 330 436 262 663 606 713 307 417 466 320 594 468 380 541 93 256 223 272 537 132 473 347 629 526 508 548 288 435 227 155 512 332 124 137 390 114 639 667 425 454 358 276 651 498 235 296 215 288 112 677 96 536 512 281 206 134 646 616 585 626 495 632 383 111 350 303 561 18 512 378 86 467 385 308 29 649 360 550 484 607 94 543 235 238 225 443 442 129 443 362 444 50 252 280 501 515 95 584 509 360 102 535 146 478 65 141 450 452 119 77 231 347 429 90 465 398 290 152 501 246 567 39 421 528 204 585 463 345 383 409 483 170 250 310 327 435 2 42 504 267 542 235 287 273 197 536 307 422 67 80 378 420 211 571 275 569 57 219 511 171 517 14 459 223 96 328 479 337 341 535 512 195 305 54 370 436 31 469 439 316 544 161 411 66 18 182 397 81 184 514 228 379 191 193 111 394 460 525 307 326 331 176 254 332 435 495 400 84 102 31 480 30 134 231 330 32 303 37 319 235 72 346 101 444 384 68 41 422 406 373 439 356 270 185 467 275 389 24 334 134 159 187 220 101 186 361 308 453 476 332 204 470 180 209 83 267 387 216 433 316 368 168 25 405 213 137 374 255 353 347 182 283 251 318 183 366 238 417 293 53 74 74 84 180 183 390 125 124 317 113 111 434 28 180 64 186 207 87 50 274 324 249 266 387 234 326 408 100 146 392 12 414 137 208 60 53 156 36 47 314 219 175 187 269 134 248 21 371 233 251 357 213 252 81 290 45 268 45 278 133 365 382 233 299 320

978 992
207 812 782 395 307 742 924 855 801 940 942 957 569 555 480 700 904 353 941 388 101 285 296 863 326 223 50 471 510 418 342 538 710 268 776 29 316 879 614 169 843 819 828 697 562 493 754 290 335 403 878 664 355 177 461 483 431 52 305 732 805 152 752 656 455 604 600 104 563 638 761 328 407 417 694 570 189 755 626 450 808 144 481 289 561 818 535 570 467 603 98 173 273 837 81 550 234 793 879 233 729 42 769 638 926 804 701 543 311 267 325 171 441 178 602 950 5 361 645 662 251 129 51 634 114 337 500 362 119 286 81 64 623 508 714 814 581 585 675 510 12 343 672 278 503 387 761 587 364 659 409 837 293 437 949 477 299 287 276 718 347 551 967 532 973 130 388 934 186 708 279 602 362 383 185 684 976 471 137 842 840 362 70 723 49 33 128 779 575 943 381 30 251 359 76 122 910 468 168 361 937 879 916 597 657 910 298 820 157 758 656 377 364 354 570 329 574 352 802 140 694 793 60 446 733 777 175 202 406 876 130 476 833 758 525 800 820 97 633 81 665 656 263 284 430 172 26 887 306 485 345 199 131 416 92 619 776 901 492 744 525 42 695 361 765 83 897 713 449 124 249 517 855 368 392 780 336 653 160 451 59 722 862 162 927 792 948 755 298 176 824 161 321 464 831 266 791 530 590 324 854 263 892 447 162 179 968 441 342 1 537 943 696 159 541 844 794 802 283 574 786 560 842 974 725 324 371 196 156 650 847 82 468 755 135 297 275 804 265 885 928 432 867 276 688 972 688 14 37 899 528 244 753 622 383 181 333 772 726 481 587 393 133 719 444 239 314 876 31 954 849 748 167 375 744 648 935 318 200 895 557 54 253 742 19 798 240 670 217 831 95 733 917 452 479 664 176 810 557 825 685 56 588 81 479 169 799 431 742 313 890 72 571 395 47 48 48 300 261 385 395 343 126 560 470 704 541 318 27 202 587 329 542 69 84 824 445 614 639 496 367 837 292 963 221 720 60 102 526 928 691 792 383 941 587 732 38 940 43 687 634 794 857 235 890 26 584 810 769 106 402 103 956 468 245 155 309 830 802 633 22 245 277 48 736 66 639 867 611 867 683 873 289 686 568 328 844 446 943 418 174 348 479 913 671 579 727 504 132 229 481 87 854 368 954 43 294 966 663 70 206 187 581 33 129 674 757 192 243 320 482 484 194 929 872 855 352 892 168 190 39 976 793 432 164 578 558 334 334 94 561 226 616 581 416 406 87 787 360 406 668 470 796 802 389 707 680 704 290 861 578 964 413 641 899 892 707 754 530 595 182 409 102 709 949 583 932 578 199 902 420 972 686 126 955 427 85 843 977 230 525 404 717 337 311 924 397 867 597 550 936 248 208 532 449 853 120 528 15 200 949 650 165 130 219 73 784 124 598 602 407 315 911 881 95 35 252 56 29 632 589 547 471 772 537 890 863 489 710 716 572 542 522 671 674 818 300 861 178 251 146 565 599 890 472 774 91 193 779 930 653 830 709 485 87 586 551 427 754 455 670 967 269 564 368 961 465 149 573 77 969 337 937 108 909 861 892 852 493 673 723 770 207 757 318 249 386 408 664 102 492 266 55 492 468 77 639 173 345 745 512 587 737 543 45 756 738 513 515 894 476 639 958 356 337 909 776 917 709 226 805 474 480 345 355 621 96 35 500 809 866 859 74 704 786 918 658 159 68 921 159 834 630 848 69 173 355 802 839 397 919 926 827 830 431 276 486 524 604 457 256 331 809 365 96 219 76 301 616 955 39 252 400 532 556 113 687 357 55 351 671 166 396 402 595 576 499 775 672 209 819 906 610 45 573 130 464 178 242 711 684 652 554 310 448 2 918 493 310 263 513 61 15 384 188 317 422 545 1 669 458 840 578 515 286 539 131 861 404 208 127 476 444 738 581 352 356 53 384 779 553 39 743 800 227 786 259 726 708 337 218 355 577 185 602 143 868 225 105 41 19 243 547 849 677 5 130 474 109 692 572 579 741 87 653 155 433 516 188 182 198 428 828 658 603 115 839 806 362 165 387 585 630 53 212 676 190 48 400 825 1 105 644 345 366 483 41 152 363 47 488 360 273 390 475 754 595 802 480 688 450 72 62 436 355 470 719 792 771 572 458 598 594 730 774 380 154 421 782 783 194 55 135 474 267 160 432 739 389 296 239 91 134 236 154 155 146 119 416 575 488 523 277 274 249 688 462 245 19 369 754 345

988 983
406 281 620 273 676 908 602 804 811 493 451 801 361 184 87 370 110 345 805 519 684 969 468 938 985 919 966 291 186 832 682 118 54 515 732 295 175 491 635 27 827 491 974 364 386 676 356 773 171 102 327 552 828 464 499 332 941 504 945 669 422 46 511 851 595 43 491 579 777 221 621 182 4 152 59 108 329 685 63 434 11 700 374 727 680 299 73 262 613 700 90 217 246 968 687 2 373 254 493 39 113 940 886 564 193 145 714 525 642 437 717 810 336 853 988 374 106 913 537 323 514 413 631 443 656 410 104 366 657 963 875 664 454 579 192 983 823 809 550 869 482 874 617 433 802 909 819 191 100 555 782 696 856 947 13 716 620 974 155 638 372 828 581 558 885 287 828 380 300 174 262 681 475 408 627 878 38 65 666 219 517 13 98 979 361 769 378 23 410 494 343 200 50 688 301 210 355 912 727 737 846 987 471 765 407 398 110 225 617 204 783 764 280 541 295 822 172 676 919 582 78 933 895 229 530 626 697 694 724 773 869 522 795 786 987 861 856 718 722 349 740 420 16 252 256 835 231 889 495 357 110 885 521 480 985 149 162 504 410 515 630 440 916 726 702 223 88 132 317 795 153 713 968 64 575 193 136 629 787 726 636 188 873 648 414 657 250 411 791 187 485 897 682 644 790 336 968 168 55 859 195 536 450 712 503 107 974 808 315 105 833 701 415 137 332 361 432 932 328 752 278 237 29 197 721 985 889 348 520 800 99 463 244 521 398 783 304 694 473 267 320 778 877 129 557 833 714 124 961 471 749 300 573 284 356 686 692 311 173 619 583 550 332 909 392 575 368 427 936 851 396 63 604 116 386 314 968 107 414 336 246 675 923 78 968 846 797 931 41 126 703 356 195 833 672 899 713 150 424 621 404 192 881 986 190 27 894 216 592 362 326 698 73 687 231 614 512 104 601 639 392 167 115 120 699 561 473 468 639 45 630 809 915 844 424 828 561 465 655 625 339 496 981 363 487 33 746 458 489 389 558 737 949 977 440 170 766 147 294 357 335 282 912 814 448 808 156 668 211 609 245 490 69 885 855 982 144 77 254 157 144 906 41 873 251 926 522 70 442 359 185 934 741 611 70 473 595 915 816 123 66 738 305 581 885 632 65 728 661 575 529 931 471 880 688 623 72 13 237 784 909 658 85 868 20 353 365 200 31 479 673 503 84 742 667 846 617 273 870 197 562 779 409 603 674 323 250 680 860 983 706 210 176 696 661 210 883 578 121 263 315 88 490 772 563 502 772 40 963 194 285 531 374 552 518 784 964 218 246 426 331 131 26 599 891 138 40 467 837 263 552 440 108 39 902 154 573 741 453 77 650 310 880 912 807 409 536 781 833 210 670 988 145 921 89 431 341 245 929 792 851 655 505 601 930 21 830 794 704 680 406 733 281 525 194 199 507 140 649 376 541 204 935 931 679 120 797 671 765 84 808 512 361 578 297 404 621 964 859 726 861 476 471 503 586 260 643 669 674 270 627 326 479 487 378 383 678 839 180 765 503 773 194 398 183 528 117 887 979 217 653 831 658 135 2 92 848 377 696 37 666 634 713 960 148 111 284 35 733 152 377 402 579 526 44 504 574 23 190 830 130 698 454 342 209 1 236 388 527 148 867 776 275 849 263 214 506 944 92 860 875 923 884 741 111 508 643 592 598 278 394 179 384 162 803 137 342 695 876 384 951 623 949 758 116 238 336 312 239 567 579 414 326 518 304 86 655 598 364 45 533 365 894 483 20 814 587 368 427 918 115 730 111 872 747 3 636 931 697 172 905 483 528 335 177 890 283 722 981 220 947 329 435 893 900 122 27 747 502 528 669 154 387 673 965 348 92 527 418 539 930 407 461 33 181 817 881 498 169 276 211 697 489 835 363 523 503 699 469 693 694 644 489 156 607 506 295 52 912 100 694 583 927 800 372 621 359 35 98 652 913 304 773 477 372 675 789 114 820 626 909 155 527 814 381 482 13 716 665 848 575 95 27 276 732 208 812 317 475 278 458 605 705 703 639 100 763 83 79 741 95 535 141 287 397 727 91 647 272 361 136 458 747 728 489 55 142 380 258 407 400 252 801 450 216 686 486 369 637 694 106 349 333 826 657 415 25 782 628 402 704 323 170 626 454 332 411 21 831 650 702 829 128 520 592 566 68 427 426 196 742 813 602 278 666 217 231 140 387 102 120 30 406

994 974
743 560 249 320 924 583 108 427 123 106 796 512 698 186 173 300 662 940 677 516 106 666 932 722 172 457 649 408 456 649 381 913 752 421 493 971 284 449 746 906 572 331 754 405 167 106 470 897 916 453 237 23 136 76 863 937 489 91 630 80 108 399 472 362 578 406 535 293 596 794 640 864 137 169 542 609 703 341 214 462 315 530 448 989 301 808 312 192 439 708 761 994 497 546 101 775 850 863 101 209 620 647 31 537 169 752 770 709 418 80 680 144 220 271 256 144 42 280 802 83 507 759 311 909 699 338 199 125 55 756 951 164 450 730 532 529 128 441 781 834 94 80 711 376 566 362 386 796 133 761 390 485 465 991 476 202 612 461 228 581 902 306 251 520 155 766 175 650 495 865 320 680 149 993 449 206 172 61 506 422 662 324 911 209 262 143 138 486 565 516 517 325 831 633 301 802 31 25 112 319 923 33 38 836 274 528 822 698 620 852 975 481 501 676 709 840 48 4 194 86 676 493 125 968 877 320 250 69 435 850 866 307 390 268 849 470 339 242 484 358 110 175 444 718 753 396 168 149 847 402 302 772 308 754 523 431 106 830 987 484 985 771 895 243 600 127 509 758 814 248 286 425 359 246 630 688 625 381 604 587 397 12 112 854 152 460 957 246 741 333 218 949 877 54 93 917 834 104 937 826 131 280 237 859 919 193 473 933 593 163 170 120 35 710 828 485 916 837 771 184 762 115 971 182 604 557 708 803 952 200 703 451 421 739 114 322 912 715 587 617 884 813 388 326 925 922 872 529 864 770 393 616 781 717 175 164 321 200 567 541 636 809 966 878 772 494 269 905 167 127 403 406 638 143 983 301 812 439 375 308 662 820 389 820 495 386 225 460 106 754 672 513 261 274 971 651 888 973 993 293 321 963 442 164 404 166 280 901 775 621 331 702 867 723 184 369 753 908 610 444 51 925 72 508 675 250 636 374 705 600 772 588 805 377 563 753 71 340 270 921 923 159 263 537 464 560 342 836 979 173 13 703 369 902 826 685 733 275 787 531 392 275 323 620 771 101 898 724 647 720 613 762 932 780 266 867 194 860 282 529 236 180 346 84 483 257 810 711 275 541 721 30 23 983 511 975 94 569 209 644 807 877 93 639 502 441 326 278 502 672 447 598 879 260 113 620 484 347 496 472 699 524 348 59 958 912 53 382 206 182 215 533 124 313 108 778 264 927 273 287 789 892 794 25 78 544 467 414 475 431 249 277 401 111 483 447 399 427 849 648 416 649 561 543 445 777 516 359 610 361 17 436 128 253 844 397 30 505 860 517 543 390 633 183 547 489 477 144 890 861 54 930 981 144 446 365 41 954 506 932 665 852 305 90 777 751 219 436 887 848 261 584 76 845 735 642 867 635 108 71 139 226 51 771 573 355 742 567 885 843 304 337 484 633 612 391 708 4 581 130 318 747 680 311 424 511 773 182 282 493 834 100 429 684 755 193 658 755 934 266 835 669 109 663 332 644 599 227 412 819 866 757 352 569 569 659 199 474 468 715 663 102 4 549 82 306 554 557 987 705 190 316 577 920 257 898 395 472 528 967 566 215 804 69 583 556 896 684 42 17 758 49 950 490 306 487 44 629 979 673 529 874 196 205 580 785 108 562 975 730 9 120 928 290 965 364 432 938 343 118 319 734 423 490 307 77 858 710 504 251 684 108 794 23 994 947 110 336 183 493 714 2 169 280 381 462 445 883 175 405 567 441 402 46 371 44 961 188 350 581 640 434 251 521 580 701 968 479 729 378 28 273 711 375 706 532 793 333 442 354 318 386 895 517 139 552 972 526 875 694 662 410 760 388 194 951 821 38 718 190 55 688 713 758 141 75 104 107 303 89 295 260 709 118 813 982 46 610 63 342 865 363 74 480 982 59 296 193 941 830 754 613 18 145 288 243 462 216 316 646 928 164 86 721 424 364 381 712 664 726 612 633 447 986 224 952 281 729 220 450 810 625 826 993 83 463 276 727 405 947 939 283 445 605 968 645 464 490 928 277 570 370 869 732 687 750 733 931 386 676 298 844 697 112 427 980 339 101 296 410 361 152 23 548 940 876 736 513 277 705 802 787 40 856 177 544 421 898 197 817 451 967 171 925 474 710 198 744 873 175 986 945 786 528 677 874 548 350 58 146 447 457 848 591 908 652 706 490 339 994 993 992 991 991

996 989
115 567 660 301 862 198 880 593 956 99 111 912 837 308 826 204 8 613 228 252 744 897 909 852 427 661 339 434 775 416 949 484 260 776 252 890 269 994 677 113 453 265 793 338 857 34 852 271 619 234 464 391 904 833 181 194 637 901 238 113 291 320 994 234 354 730 911 182 637 444 872 584 343 476 516 506 799 652 508 45 532 42 384 724 267 940 151 602 475 577 49 95 93 450 89 742 364 390 258 343 290 515 243 597 715 302 572 853 863 975 104 951 199 230 232 257 830 952 60 885 686 397 394 895 347 103 184 305 291 170 899 260 412 772 48 148 410 181 702 623 739 656 467 494 55 837 170 308 41 775 386 798 386 954 453 691 687 991 757 571 104 384 209 266 824 886 38 540 762 318 640 877 974 669 423 763 760 784 60 536 906 720 779 536 613 928 953 922 470 265 992 479 710 412 642 934 652 399 763 408 316 829 361 186 806 666 375 119 684 410 382 974 817 642 19 608 874 740 215 160 638 631 183 198 355 779 282 894 99 543 330 816 611 734 240 827 93 593 892 565 695 449 313 562 579 395 249 714 696 805 613 852 423 277 225 431 528 787 761 520 917 670 210 31 19 388 665 473 617 231 768 658 101 616 159 505 964 88 768 254 831 677 567 574 729 28 594 240 112 84 172 984 196 406 484 436 690 149 261 721 291 691 923 974 167 824 526 338 306 635 939 896 952 409 942 637 803 970 263 781 701 972 26 486 650 164 332 133 397 9 404 452 434 513 957 628 182 591 756 523 961 179 992 223 61 246 719 811 766 653 248 391 611 359 301 605 604 53 974 415 137 823 369 123 350 970 939 357 426 459 890 578 619 56 625 439 530 515 619 714 144 137 696 61 231 313 524 726 893 334 188 184 395 937 973 488 215 701 807 50 682 43 730 932 630 301 841 723 886 798 741 559 691 614 464 601 768 50 835 928 774 58 685 866 453 976 910 856 60 557 213 167 629 308 613 599 760 777 180 30 617 345 935 756 150 368 274 531 596 839 594 368 395 650 236 984 610 346 745 99 73 728 577 368 934 95 255 948 490 350 868 927 127 267 94 234 108 854 821 310 528 209 692 503 960 834 478 868 248 142 835 864 531 135 315 33 695 936 330 482 304 530 956 769 372 908 567 874 773 38 802 278 288 739 800 396 157 169 5 345 849 986 70 136 234 624 121 412 306 814 398 243 572 678 417 917 71 247 20 848 534 535 898 765 184 420 236 366 191 13 540 922 869 937 445 462 936 959 974 489 75 624 296 16 729 764 979 529 108 898 615 360 772 342 702 912 805 138 726 289 550 788 21 696 830 742 480 983 844 754 28 734 711 77 942 678 412 645 542 485 873 441 209 75 416 141 640 529 511 610 11 425 80 107 938 153 389 977 157 303 214 651 831 586 247 540 854 840 919 125 767 918 461 129 136 660 255 949 386 654 382 168 134 215 110 142 903 300 166 100 437 379 251 629 937 407 495 163 892 827 642 230 386 276 698 627 680 855 164 248 803 937 353 754 970 965 527 966 332 77 239 355 1 409 63 934 907 142 187 626 50 257 155 586 239 735 479 245 624 896 90 882 423 258 280 726 9 493 816 250 596 386 331 718 776 244 244 170 84 335 766 989 757 73 823 985 542 611 161 910 634 761 9 967 745 713 680 836 454 436 160 768 926 560 514 344 675 64 178 248 748 58 880 341 141 516 784 730 366 207 135 30 263 145 462 20 545 344 12 938 224 839 2 784 310 438 476 104 196 891 244 273 302 896 157 234 848 526 632 75 168 396 611 79 46 274 386 587 431 378 774 302 515 68 447 97 583 862 587 257 854 10 36 819 243 17 549 5 889 355 234 747 294 357 720 633 183 275 737 29 856 370 302 875 581 526 174 598 175 165 693 595 743 696 801 212 346 210 772 817 321 205 517 104 367 705 409 136 475 267 349 432 404 319 561 548 236 68 482 58 275 604 838 837 353 614 785 165 244 57 327 448 747 55 774 288 275 824 407 236 472 543 787 13 31 669 529 156 473 103 256 429 3 295 235 684 532 352 34 435 611 244 603 216 456 519 579 719 686 324 331 124 132 757 258 614 573 65 290 559 339 447 773 544 690 439 418 190 411 187 230 421 320 248 664 508 637 316 330 761 562 360 512 516 2 58 127 571 639 578 676 651 397 466 650 111 583 648 494 680 144 513 574 423 9 481 616 341 250 70 534 580 465 325 153 225 543 381 296

999 1000
943 827 459 257 982 885 535 251 724 99 564 247 218 715 9 481 999 654 829 898 129 443 837 343 97 871 353 922 348 983 186 312 366 44 87 569 259 224 211 834 321 192 272 151 517 183 548 993 905 58 350 958 251 143 846 725 319 592 102 703 449 460 300 175 362 727 614 204 764 300 339 541 913 229 477 843 708 287 845 604 702 346 965 24 99 149 643 648 667 519 166 266 422 111 960 85 139 828 65 738 812 579 821 461 775 682 792 291 948 721 711 381 401 777 66 652 336 797 680 512 529 215 883 63 172 125 696 553 189 843 590 285 903 134 84 228 435 117 610 288 94 141 272 567 324 368 787 990 578 744 127 770 870 583 835 255 185 508 8 456 314 957 576 369 124 32 80 342 561 17 983 326 157 693 587 859 139 726 941 842 449 624 54 271 187 204 667 759 515 520 906 634 635 808 134 685 988 282 104 26 895 13 363 792 350 214 897 209 146 548 4 743 902 674 761 988 857 453 298 173 497 272 523 288 740 954 118 421 212 499 273 995 367 601 45 374 980 702 720 802 940 814 701 99 452 92 258 533 337 798 216 280 700 991 31 529 527 985 766 192 860 779 363 114 994 736 522 342 951 586 312 223 369 597 771 596 824 639 839 288 519 438 509 150 605 301 777 986 537 10 692 903 51 760 775 95 67 528 908 628 527 898 425 856 430 127 790 905 629 579 506 184 881 217 722 82 813 329 21 659 274 343 333 988 74 497 797 492 14 401 862 906 46 164 693 383 905 954 327 772 181 494 723 30 769 859 455 141 886 756 742 576 123 993 422 189 148 12 762 390 819 330 909 372 316 768 186 973 654 171 760 863 664 832 592 772 496 473 557 127 208 985 559 580 891 693 901 896 700 242 109 754 179 94 934 377 566 334 472 758 445 906 127 231 832 292 209 556 422 475 174 407 116 905 69 688 719 897 669 278 120 472 960 310 782 792 893 647 221 991 770 345 994 698 880 299 521 471 586 824 819 989 497 97 130 541 19 70 634 294 254 615 145 403 700 589 794 84 14 361 478 657 11 437 362 461 124 628 605 957 30 110 711 325 332 435 249 995 729 37 6 788 237 914 331 176 205 55 562 252 461 341 749 499 843 934 425 795 485 896 835 221 33 78 328 885 819 764 995 425 114 721 49 620 122 449 471 41 445 993 384 297 616 795 196 105 360 720 240 65 772 294 672 201 986 656 663 710 588 586 9 92 767 367 842 244 961 75 354 589 951 724 556 979 359 821 449 427 991 359 525 414 915 196 976 586 685 995 908 763 454 903 377 592 176 663 715 706 876 838 163 11 169 13 31 834 803 611 220 276 284 281 98 98 403 975 620 418 279 755 84 555 91 868 189 627 174 404 773 938 172 292 769 456 220 266 458 554 473 956 150 181 718 994 370 604 393 832 908 827 929 626 443 786 449 689 661 275 10 842 868 591 341 267 407 806 953 954 615 935 87 729 114 445 463 902 373 869 450 142 478 697 356 141 186 279 576 868 507 915 96 237 271 574 711 441 940 565 230 461 47 450 962 269 878 164 149 428 27 605 51 844 808 69 445 94 993 39 493 235 72 193 801 346 290 396 299 775 701 802 577 896 591 126 188 795 950 998 637 883 352 278 131 945 822 816 551 703 131 731 874 62 455 973 42 77 404 789 813 151 447 44 796 644 735 125 745 58 793 222 358 292 99 881 243 188 304 200 68 333 985 263 385 113 795 294 17 560 973 290 307 324 643 11 57 1 830 281 691 411 25 350 550 561 11 712 425 260 583 309 698 45 961 308 159 870 810 858 6 662 720 911 470 763 764 582 135 259 323 993 541 734 768 561 875 874 908 141 245 372 606 300 320 226 130 937 303 495 285 37 322 553 454 388 934 808 202 249 271 480 929 670 915 62 692 894 75 490 824 367 419 85 198 262 938 280 641 626 506 741 681 830 902 256 319 802 5 799 683 741 25 854 128 740 132 747 52 940 151 383 635 558 374 139 216 889 808 932 231 325 10 431 772 269 160 372 90 97 164 497 667 840 229 26 941 803 567 735 987 842 359 283 909 220 114 48 230 211 663 383 899 247 769 125 221 828 467 88 856 966 932 645 963 848 256 393 859 958 810 195 536 950 954 581 273 363 765 759 536 944 240 642 929 600 24 59 487 373 250 566 598 666 321 29 660 801 630 335 884 418 649 181 708 555 48 441 174 848 16 629 761 89 398 837 43 230 378 564 2 853 162 404 608 243 876 290 899 48 116 602

977 1000
572 892 212 908 514 871 782 522 294 338 893 777 2 101 737 439 422 514 172 254 257 22 455 112 567 481 795 119 897 748 818 690 903 465 83 849 9 753 469 532 392 659 97 684 802 425 611 958 870 402 805 742 339 566 676 767 605 377 117 923 909 441 848 667 285 501 838 924 901 770 943 212 109 953 483 717 461 53 808 499 133 219 635 77 769 819 766 91 484 790 764 511 542 697 775 845 789 259 605 819 524 861 858 851 879 665 100 88 474 391 616 622 193 420 192 625 44 672 626 227 386 715 749 525 964 91 142 655 428 21 670 537 642 643 330 575 867 772 482 284 611 548 412 779 97 228 474 345 447 379 697 350 378 309 464 806 792 75 848 737 705 518 100 169 255 928 834 421 145 387 683 725 697 251 656 586 903 116 950 96 853 508 607 886 950 158 360 938 45 388 113 121 297 512 473 107 553 229 19 524 42 86 942 370 298 358 384 974 748 525 211 554 593 103 542 279 431 260 794 456 927 779 14 2 110 758 58 400 253 11 797 249 539 575 646 759 69 527 436 35 418 466 498 540 126 357 236 436 689 942 675 164 46 499 17 668 526 104 614 548 642 471 591 592 95 179 309 582 598 166 714 507 366 68 766 309 142 275 263 85 5 543 78 515 656 577 792 365 909 598 408 281 510 448 281 6 437 829 480 154 475 897 398 140 47 699 780 368 245 368 675 526 194 128 2 581 809 585 417 353 400 196 75 428 570 522 703 716 662 642 272 701 68 854 290 348 157 860 635 824 699 391 435 55 454 163 23 246 168 646 302 575 229 114 390 371 593 701 676 18 47 654 284 672 87 386 36 707 786 245 614 791 351 493 581 14 418 589 430 99 769 815 176 604 353 142 24 636 456 629 231 565 655 327 269 584 507 663 164 667 371 210 772 334 341 400 598 8 596 699 335 118 275 73 733 767 262 122 431 44 177 151 717 754 767 161 307 197 153 78 327 282 758 64 598 485 514 469 31 455 255 7 743 201 717 187 506 599 212 692 723 83 295 291 565 383 738 273 417 374 339 656 22 47 637 377 681 213 699 443 150 373 376 283 691 540 244 436 109 572 622 700 455 101 636 660 125 22 491 211 69 446 188 503 70 411 621 250 369 170 239 557 12 91 329 292 285 627 531 379 408 31 600 284 180 208 385 487 531 471 609 447 278 475 661 419 619 629 272 612 240 613 259 10 362 402 403 427 322 528 481 654 621 355 577 310 258 74 36 319 528 640 608 35 462 48 220 289 474 434 394 507 155 141 325 243 125 81 404 143 270 252 534 412 437 227 604 282 280 360 12 194 427 608 485 531 314 155 488 432 400 415 553 604 329 112 574 17 265 137 69 186 139 314 32 367 463 331 254 195 328 263 550 156 458 445 480 285 125 64 536 405 147 560 471 437 315 522 228 308 214 349 83 80 539 342 448 167 232 447 443 199 214 240 328 183 257 518 252 66 387 532 444 83 491 485 241 357 500 355 485 325 129 178 80 256 101 494 299 98 343 340 138 450 469 131 284 475 493 50 179 231 384 298 365 50 22 131 221 87 313 300 376 465 489 498 391 53 160 189 405 151 34 197 51 294 58 60 182 223 9 86 94 410 326 35 255 103 185 309 184 457 291 225 416 415 122 404 342 55 203 80 48 264 372 273 343 326 147 41 382 325 176 71 289 413 243 149 401 118 171 323 276 123 8 400 369 91 23 189 156 173 429 377 277 432 45 330 75 331 329 209 243 35 396 231 83 111 163 212 222 51 334 401 410 90 195 61 282 130 257 406 128 270 192 389 71 269 382 398 365 256 274 239 194 282 203 317 360 14 1 2 109 368 238 52 373 62 304 111 284 92 92 222 282 29 77 112 202 91 247 161 110 126 243 305 207 199 139 45 175 159 231 249 36 352 179 342 162 168 230 331 336 279 29 320 335 172 157 177 68 264 49 177 224 238 331 53 299 68 65 109 30 201 321 66 40 21 140 2 207 181 112 102 293 3 10 39 129 249 268 240 225 33 162 106 105 273 187 235 114 266 39 219 159 91 197 131 167 233 104 27 168 151 168 151 143 103 144 117 49 149 196 268 225 28 187 180 196 221 251 130 175 222 100 154 246 211 73 91 110 42 101 47 38 138 121 132 7 213 77 80 75 189 167 123 241 121 155 103 205 91 195 209 123 187 42 228 58 7 53 215 1 73 46 91 104 113 48 39 146 95 101 62 127 21 78 24 91 105 183 134 193 77 18 117 111 74 190 97

976 978
886 844 415 708 502 687 940 217 693 533 956 615 842 85 639 195 588 922 414 258 402 691 173 106 700 567 44 445 96 973 973 463 711 683 310 402 97 673 155 590 904 303 561 417 173 547 713 863 181 268 681 221 282 674 654 810 286 455 284 141 940 56 464 134 657 92 871 721 654 482 306 272 67 389 144 504 870 588 523 444 857 762 774 744 843 305 210 45 558 304 394 743 174 387 106 793 50 462 708 228 333 560 439 521 836 463 831 527 545 220 578 437 813 923 575 226 594 158 512 247 299 391 70 509 325 154 336 393 314 367 957 2 225 51 876 618 357 227 598 78 88 431 99 843 37 39 548 82 825 42 365 756 250 947 744 870 565 769 921 214 572 161 740 28 553 186 960 576 524 530 340 927 923 813 202 419 704 169 864 693 384 2 631 369 772 354 867 578 671 9 300 891 449 43 570 107 98 86 662 431 382 163 405 488 778 299 14 381 714 51 697 343 920 788 541 106 820 339 163 803 722 529 38 550 628 228 231 195 73 665 875 439 374 481 542 425 276 438 48 425 38 340 854 223 725 517 785 495 860 131 312 442 344 394 634 423 571 749 380 788 658 695 120 851 186 818 245 778 798 810 543 774 800 130 22 693 536 836 162 844 755 739 844 306 271 746 767 317 710 772 710 598 651 461 612 313 420 87 425 335 113 400 682 598 121 658 776 282 66 615 813 270 261 68 174 602 260 357 97 321 328 276 684 723 158 603 283 113 203 392 479 304 39 153 760 540 438 205 332 602 454 650 426 381 627 787 72 681 645 771 556 294 28 276 697 171 740 327 285 498 262 184 231 191 282 114 95 626 280 639 536 352 357 723 25 123 105 388 144 559 544 480 356 521 389 265 404 705 267 501 730 575 491 494 413 127 66 44 197 473 494 705 292 574 531 271 448 61 372 279 554 522 622 171 551 174 86 539 470 173 51 20 143 520 476 109 415 7 165 377 419 437 279 201 346 335 237 178 696 354 528 39 413 304 373 223 563 493 674 650 439 70 253 516 180 283 477 56 413 241 400 596 75 427 171 237 193 258 563 373 60 290 482 207 75 454 255 624 157 236 131 646 47 636 399 319 372 4 307 595 515 70 483 513 467 250 75 173 370 395 43 619 310 66 557 114 173 184 342 390 382 354 542 33 195 292 143 261 583 359 97 83 290 356 177 592 173 115 376 539 544 137 236 179 395 486 256 511 323 420 404 189 186 249 243 219 410 135 30 345 491 150 246 318 558 226 258 419 41 49 302 201 479 30 361 268 357 216 337 304 258 560 542 319 136 123 544 341 130 537 198 421 142 428 524 23 216 421 370 351 257 145 128 280 28 138 40 474 255 302 451 191 25 280 357 463 236 528 192 35 193 279 452 246 438 362 357 426 9 141 241 368 164 315 311 266 370 309 347 243 57 349 502 461 211 432 102 120 385 259 268 148 36 275 34 189 27 97 256 60 268 207 68 95 171 139 295 110 242 232 309 387 358 457 465 117 364 99 393 197 216 455 367 120 218 108 52 254 432 211 221 330 388 155 162 121 328 182 143 423 24 418 373 259 305 166 241 213 338 238 244 44 293 394 189 23 284 257 348 264 153 312 301 269 210 249 91 120 222 5 345 239 411 23 330 121 176 49 225 1 157 237 228 398 274 281 387 310 127 236 303 130 46 355 227 66 16 42 137 200 375 326 195 77 309 364 152 266 228 157 282 213 181 199 359 146 344 175 206 233 227 303 292 263 32 155 326 134 108 81 18 58 287 206 141 185 160 234 112 204 341 219 258 311 317 288 193 53 186 94 129 2 161 173 139 115 269 277 297 316 172 264 135 52 81 239 120 17 183 220 100 113 94 129 8 209 151 86 290 266 140 74 290 155 3 107 119 115 196 106 273 40 85 230 276 225 177 266 106 92 162 272 32 17 45 87 40 91 56 18 55 131 146 187 239 57 84 114 117 168 124 253 242 106 99 219 204 109 70 60 148 51 223 7 81 126 143 230 246 143 214 5 34 232 36 11 127 79 220 158 202 68 230 20 85 160 127 205 157 19 202 84 22 206 83 219 201 151 158 215 135 183 91 95 70 174 120 189 197 117 99 153 48 35 156 176 142 149 77 41 27 113 5 20 79 141 130 74 99 67 139 175 110 164 90 15 10 97 5 44 142 25 63 147 36 37 70 2 119 101 125 124 94 131 107 42 1 132
