24

5
4 5
1 1
7 6
3 5
5 5

5
4 3
4 6
8 5
1 4
6 2

5
1 2
2 6
2 8
5 3
8 8

5
8 7
5 8
5 8
8 3
4 3

5
4 8
1 7
2 9
5 1
3 7

5
2 1
6 9
8 3
1 4
4 2

10
39 41
46 44
24 39
93 72
51 88
87 66
13 24
81 98
69 61
89 27

10
64 21
50 40
76 96
28 35
40 16
73 21
26 27
17 95
62 34
42 73

10
57 27
89 59
99 31
86 83
64 85
67 79
26 59
56 86
78 58
58 85

10
95 59
33 41
98 49
25 44
64 56
27 62
48 68
94 73
65 48
36 95

10
48 87
54 27
70 80
60 60
73 27
60 49
35 26
22 30
27 42
38 30

10
20 99
19 93
98 89
23 27
14 19
17 48
56 81
54 63
49 24
92 46

200
7598 2096
1856 5471
5239 3883
2521 6815
1031 9760
7929 8563
5018 8291
5160 9686
7648 544
4498 223
942 6790
7805 9679
7968 9331
4996 9735
6909 6800
6321 6240
5413 5310
6793 9866
2549 7712
8346 7981
6058 347
945 7696
7808 6692
3835 3504
4885 9071
6700 1682
4984 8877
6823 9054
4288 266
3404 9887
3926 4725
8174 6150
1784 4135
9679 1377
1555 1711
5271 2355
1010 5071
7636 7360
8848 4122
614 9191
5499 5179
1554 2433
6041 9525
9414 1071
7351 9601
8641 603
6098 7271
8951 8086
1383 863
8397 7180
5382 6520
2009 4022
7345 8232
9020 8863
4985 4426
2019 1069
2699 1100
5733 5656
3344 3080
4723 7884
6286 5570
4490 8316
1442 6329
6809 3717
2965 1095
8512 1444
1299 1125
1003 5550
7045 574
2187 1264
8202 2326
9506 1789
585 5012
7110 4462
4382 5572
7866 1198
225 2135
2045 2796
7459 2447
118 5700
1804 9954
3797 8100
6689 5904
2431 9736
4751 9534
3849 570
2678 2907
2830 4587
2305 2381
8323 7298
3126 9568
6557 7890
1908 6053
925 2284
630 6438
6716 293
5001 8105
3210 4198
5268 2111
7121 5236
6179 3804
659 9967
9593 8556
5564 2008
8359 1419
2966 5693
2071 2558
6310 5107
7993 4534
6628 5787
8042 3377
6794 6480
8646 3788
4686 470
6846 4543
8787 1839
9819 8618
8277 7066
6514 3062
1095 2754
8749 6752
7279 3499
9088 8343
7553 7516
1821 8176
3452 7333
4169 5577
2104 5520
9504 7544
4480 7733
7751 8868
6864 3495
735 178
2150 4722
5683 4159
1581 1424
7599 7000
3123 787
8208 3636
9660 1208
4288 8371
8803 7391
4483 9192
1534 977
8292 6221
8683 3845
4026 1320
9989 8586
8412 7234
1982 4310
6229 7655
4792 9656
5232 2083
2000 8846
3417 5811
4324 4844
6905 4271
5932 4851
758 524
3108 8482
7115 7427
2112 5219
1397 7911
4406 903
6937 2290
4115 1476
9415 3180
5605 6015
3739 2693
5836 6844
274 7057
4119 5961
7522 1264
9444 1828
274 9223
2160 7470
5797 9300
4120 2734
8121 4415
3710 6512
7914 3209
8633 5282
5518 1512
915 8849
2564 5067
6027 6073
2349 6108
6571 6932
5070 3181
9006 7879
7661 5718
4514 5954
9388 4638
7848 6220
8404 7254
4764 4641
4134 1067
4024 9551
1053 9103
2358 3610

200
4893 9570
974 5059
9717 4700
7524 4917
4062 8282
5176 2068
3954 589
2578 4184
3266 6581
4249 2794
776 3131
674 2675
5180 3273
3911 9070
3268 1791
7676 8218
3516 8240
7579 1673
2154 5323
4726 4345
9838 640
6208 7232
6247 7451
3917 8037
2347 1073
7907 6586
5798 1698
9836 2119
1727 875
9785 1335
4803 8098
1612 2487
2617 5246
3856 922
2157 1425
4975 6849
3660 8458
926 5384
1326 9531
4102 607
2102 750
2783 5120
721 5805
8151 3700
5820 9732
1499 5032
759 9962
2646 9467
2882 6558
2106 513
3107 5023
3800 3425
8802 9664
5464 9041
1182 1208
2905 3320
2153 3572
2313 6852
4914 2194
2193 8415
4960 8906
887 5174
9953 2648
4607 9926
8787 199
4719 6048
415 8865
5297 6815
3678 9494
402 8973
2681 1718
4268 5428
9194 4909
6922 1370
3457 1271
182 3425
218 3238
4946 4283
3513 3894
5920 2153
7443 931
3865 5055
2662 9148
6683 6276
7117 5192
8205 5467
5168 5645
9837 1615
8073 7899
5653 6683
8324 9413
1823 9449
6368 6841
5416 6308
731 2548
3922 5084
3749 9623
1602 4253
6946 8868
630 2410
7179 8542
973 2753
4284 1210
8741 3018
6681 6755
5250 6069
1231 4210
8557 433
3933 3362
5329 4592
4433 8279
4683 8237
1663 3469
6889 6317
4869 4805
2944 148
6987 3972
813 4889
5838 3679
6687 4556
3457 1259
7985 8040
6201 2820
3381 9894
7440 7789
9574 5530
877 3799
3532 4663
3873 1968
1528 1638
8300 7757
5805 7163
6473 2243
9730 9825
7213 6452
4627 4527
5525 2949
6857 5719
4725 3101
2211 9170
1846 3412
5171 7560
6471 8880
3156 771
3855 3638
4357 3305
3222 449
8095 4950
1248 1354
889 1824
779 3783
7687 9997
4266 2088
5890 2663
739 4539
7319 9318
9008 6149
9524 2799
7483 8842
8911 4530
1722 3688
5220 2040
6180 5567
5199 7741
2738 762
2989 2400
6494 6308
416 1355
7931 5185
7219 8726
5243 2086
9454 2922
5811 4373
9199 4837
8187 4854
4866 6215
320 7016
1207 1286
4145 2268
2882 1383
1858 4994
2938 1806
6446 8186
9228 8191
9686 5177
3408 3162
3577 9603
399 2424
9852 4732
8640 5791
6069 9708
9839 9200
9185 4899
399 3018
1895 734
9303 8615
8406 6095
9062 1590
1159 8634
2622 4370

200
650 6437
9641 5091
7079 3249
8477 6028
729 7059
4435 7420
9090 2813
2572 1828
482 884
8341 3158
1640 8553
1227 2678
9643 9700
6606 9886
5578 3347
1707 5551
1073 1862
4399 8539
2298 3334
1785 7936
2763 7165
1199 8758
542 4904
326 7757
4970 5688
5763 8759
5293 2619
1513 6048
9538 901
7114 5638
8435 2792
2374 3521
6503 1783
9999 1012
8962 4325
6489 4062
8010 1899
9205 7502
3226 2533
7718 7884
3053 8560
3954 4841
5591 9919
6002 1882
9495 2334
4841 9151
6102 2849
4146 1504
811 3926
775 7496
784 8896
4048 7211
1567 8099
460 3738
4223 4870
4237 8677
6576 8549
2972 3421
8699 2777
2137 6176
3421 1505
1808 7475
7840 5648
3790 3562
3094 5584
2330 1638
415 4125
2791 9316
6126 3392
6697 9441
4715 6315
6440 1779
9516 6361
5009 9692
867 2730
4830 142
423 581
6179 927
1601 1653
8964 1722
7039 2177
1247 8416
1548 7140
8960 5300
1223 5474
2378 2250
1232 1617
6895 269
5794 3326
5538 2223
7268 8518
104 4527
8676 3716
927 6914
7490 6002
776 9402
6548 5616
3781 9446
4833 5338
6345 6511
3050 800
7738 7452
1385 3386
5387 1648
1995 6994
1059 1491
906 8400
489 3480
4669 8009
8194 7226
1682 1207
9072 6725
1886 7362
9507 3895
2984 6772
1521 2360
863 5888
6123 7237
9625 446
3125 963
6774 1495
6714 8106
774 7472
9254 4583
4630 442
7924 8316
5145 6084
2232 8284
6562 6403
5385 5135
7268 7870
4774 1590
7317 9404
7374 3249
2210 9765
682 2975
232 7600
8436 2354
5993 2440
3519 129
2947 2247
2978 9467
7408 4814
7250 6468
6577 5758
834 6164
2148 2077
8172 5006
6679 4816
5302 5712
2967 3856
6574 6949
1200 3010
3650 168
141 3168
2855 775
5093 6067
6721 6000
2552 2092
8042 4307
1644 9469
1230 6095
7814 9003
2169 5666
5633 5416
7984 8919
7883 9507
5404 7707
319 7075
3017 8295
3398 634
1562 6266
6947 8266
4679 4962
7263 3674
9558 5627
8961 8097
7257 6749
2504 1109
2127 1047
6525 7097
2815 9181
1781 5939
6068 6054
5166 7210
4108 2964
2814 1598
2976 3206
7257 3728
8905 8439
173 1383
2552 9083
4237 7810
997 219
518 4944
9189 9069
1498 6680
1408 1184
9177 3592
8110 4041

200
6914 1331
4235 6618
5353 588
7121 8984
6978 3893
7715 1320
5631 2663
1861 4567
9648 1272
1693 553
8024 8556
378 4881
7605 3486
3801 2836
1925 1006
1368 9050
5035 8008
5937 7866
1428 3507
5086 8271
2538 9207
4273 4171
9972 6404
4819 4496
2547 9642
2691 3705
9758 6680
2062 7177
6299 6362
7166 9753
1652 1536
1559 6135
338 3098
6357 3663
7108 8795
4102 569
3181 4923
8518 6278
4560 529
8151 8086
7199 8066
3167 9743
5856 8079
3401 9984
2729 5922
8810 7301
9481 8074
9853 369
2500 5535
8860 9907
7274 4207
1740 2830
4686 904
1177 3579
4196 9230
1120 901
9650 5988
7473 3012
1606 5194
8048 1619
851 2962
6305 3730
8331 1520
9293 2592
4238 1683
4213 2671
621 9341
9719 5011
2550 355
3952 9536
4614 8180
4639 618
9674 1219
9571 5639
686 9618
6767 7371
1491 723
6321 9026
6867 9920
3930 7968
2289 6472
5640 5326
7209 765
9958 9943
8295 9228
6688 566
6896 1441
7388 3188
5219 7019
7557 5484
2086 4979
1949 7203
7727 1103
4590 4940
582 7448
730 4522
5033 7712
7889 7529
6828 102
951 128
2972 9222
5775 1863
7241 2438
556 1740
7367 9288
4314 1322
7808 7104
3679 967
7240 3802
2305 1183
3760 386
8321 8324
2560 9062
2640 3314
7942 2281
5664 7318
2230 8943
287 8605
1287 6639
1609 3398
9371 1833
2773 297
3362 9149
2372 5715
848 6890
6196 9734
5674 5595
7483 6464
6547 8484
8300 9431
8667 293
4037 256
8841 1927
4954 2841
6248 2491
5550 7909
9618 7111
4899 8670
8107 1863
7307 9270
6377 1109
4801 6059
3738 2351
4807 1031
6455 2516
8409 3845
9466 7926
4068 9683
5947 1528
8053 2334
6230 9514
1150 117
7985 5469
8742 2827
597 8724
1219 4869
5435 3799
9787 7518
5363 4429
3449 6996
4617 6388
3509 5981
6586 7524
3818 6801
9599 2177
3130 850
4013 9420
6728 4613
2790 7221
8778 2282
6213 9741
6645 2990
8626 3941
8057 9654
5675 2602
996 6180
2496 1196
4413 9176
8084 9717
6857 9534
3217 1410
6994 7464
3954 6653
4478 1744
1164 944
4780 1205
9956 3046
682 2242
4215 3099
3128 1851
1130 7104
4221 7022
8266 564
2756 4853
3108 2776
1746 5306
5981 7796
2735 4925
200 2291
184 1477

200
9213 7149
8192 4040
6360 3624
2933 9008
836 808
8622 8004
6666 6606
980 2601
968 8665
6225 2627
3909 5448
1221 268
8388 4006
1358 4158
4050 4322
9519 3656
1242 1123
5485 8783
7134 7587
1610 7825
1879 8240
6108 521
6400 6160
494 7632
3974 8527
8680 2904
9398 4819
7374 7760
6805 9837
5355 7459
5125 1566
7963 3737
8008 1020
9594 1368
3216 5281
6527 5934
3203 3976
9214 3788
4869 8484
1089 1831
4858 6163
6363 2423
7231 2514
9336 3718
4951 7211
8777 2795
9490 8836
500 3024
6169 6665
6903 8419
8222 9084
9865 704
9125 1595
4315 485
8926 7082
5645 8929
6947 7805
4310 4291
6586 8459
1484 8341
7642 253
5722 9283
1420 7312
5708 8564
5825 3595
5221 4960
9763 9228
5088 7493
3186 731
3548 4954
6175 4063
4125 1760
6103 778
4289 2863
6762 7006
8582 4630
5384 2931
8872 9474
9654 1814
9266 7232
9327 5366
9465 3693
8136 1892
3548 2111
1074 8354
3591 4783
2236 7895
9660 3093
3565 7192
759 2550
5151 6856
2623 7891
8679 9638
7666 4502
5811 6172
3926 5300
8970 9963
2036 1115
744 4485
9228 860
3020 7979
4229 5376
6155 2987
3940 8773
1227 5170
2551 4566
9291 1636
9647 9516
3521 5757
2734 7026
8374 7105
6558 4504
9335 7953
4537 9299
3165 2574
7331 8225
5598 6916
9750 7154
3464 1796
1411 8350
4244 8589
8269 6596
8196 9615
7844 9977
8582 4003
5854 9919
4999 2202
1062 8369
8389 2128
7226 9513
8725 4191
8799 2077
9642 1662
4178 144
8101 2867
6642 3480
3461 8796
1592 3255
8263 5865
5342 3080
9398 413
6216 1141
4748 5475
5135 8593
2111 7253
1529 2323
7720 482
1680 878
822 1676
8907 9465
9900 1250
3289 8304
910 6306
7131 9468
4509 7287
8894 5109
6452 4062
7598 835
3370 948
2577 1629
7926 1938
5246 7012
8135 6437
7441 6660
6221 3090
2481 5429
1589 3043
1694 8191
8090 7121
5617 8698
5207 1319
2617 5936
7825 7326
875 8183
9313 8594
977 2158
1119 7172
7099 9060
8014 5834
8798 8051
7210 1252
3232 1206
4448 580
6161 9313
1716 9155
2418 3463
7775 9065
8983 5465
1650 7514
273 5831
4601 7498
1753 9320
8762 8562
1082 8180
2924 8234
4527 1346
6834 7527
3320 968
7776 8200
9492 6365

200
3966 574
2505 7391
7212 3652
6584 2074
6284 4344
4716 4746
7786 1523
9075 5507
3218 5779
689 9940
527 5344
6870 5941
2743 4146
2433 789
873 574
4713 3890
3551 5607
2974 3259
8628 2547
8103 9045
8120 3512
1711 6492
4633 955
1130 2911
8118 1337
2900 6741
7668 9468
671 1336
5564 4427
136 597
1142 5278
8768 4981
3885 2780
9176 1768
342 2538
5475 2297
6765 3925
4204 4441
6315 8245
4489 3633
3431 3592
6311 7799
4822 4962
7810 9568
9403 1830
2803 1178
6991 1771
4973 3525
7838 8629
3780 9775
6107 6334
4462 8872
8582 4448
7688 9039
8026 8307
9616 6166
2643 6164
3988 6305
1618 9442
1260 4782
6286 7471
8556 3355
2390 9522
2108 5005
7906 5170
2955 3714
5305 6861
2583 8568
8356 8897
8046 4289
9561 9966
4669 254
7875 8522
2930 7766
4722 4623
2792 2110
5007 704
6136 5587
141 276
1854 7133
8438 5207
1583 1181
1472 4498
9104 9939
9148 976
968 2804
3068 6675
9674 3855
8998 5701
6410 6588
9320 8532
6930 256
4816 7756
4028 3668
8777 2736
6660 2370
7934 5527
1945 7647
4475 1169
9932 2762
7002 4323
324 2294
8481 4802
7081 490
4100 901
9650 7702
4252 3969
1966 8335
9576 1111
1908 7517
3850 743
993 2562
3178 5522
3495 8195
9775 1174
8798 2824
3227 938
6131 5154
3191 195
1730 1379
1174 3570
989 6838
6643 9491
3691 5940
8848 6423
7226 8828
4688 360
5847 8589
3936 6575
9065 1915
9252 4500
549 6316
3864 7349
2745 9416
9602 1266
6092 7920
4671 3797
8239 1134
7041 7494
2170 7217
2752 3487
8250 6478
7994 4704
4302 830
2502 3614
7407 5699
2984 3138
4938 7185
5147 3237
6759 766
899 6404
8403 3433
4961 9372
6911 9674
7246 3488
5137 5341
2021 7464
4435 1913
3061 7320
821 3854
7834 3005
3845 266
639 3014
9856 8556
5594 6766
3105 9326
888 2568
234 971
3820 5677
133 6178
7036 1265
8443 4017
659 3372
5293 134
1003 2737
6875 3832
4068 6652
4769 4492
974 1111
4994 9518
1246 951
687 8705
9697 2893
6617 6587
5832 5764
2502 6238
9814 510
6015 1794
190 4914
7582 2704
6879 9490
215 1464
6815 6380
396 8478
650 711
2534 8159
8412 4186
7279 279
8180 4317
1759 6612

1000
673861 530914
158253 284133
744519 214669
654554 767232
930672 261158
501775 906955
396434 551108
305015 247047
490648 828679
889649 452148
592046 157703
365885 674145
799901 702476
708239 104513
389804 628410
842127 949536
344875 390924
634019 264220
266401 157001
403294 915641
476692 248688
855544 810986
477036 860707
686380 493181
314604 958775
941495 243581
907606 995209
680485 792673
682907 201190
515617 772541
258128 562308
539775 910377
263310 893910
806033 250155
210212 961272
641906 736872
742556 849157
110380 846359
270603 200500
417743 818087
583035 270502
886262 480859
293388 853121
143419 533148
777976 780647
924129 294000
433995 809579
710748 764724
285134 230075
509501 885961
789571 582570
534939 542702
370609 852200
553724 369495
123653 262739
960735 679839
885062 877091
748982 488840
304859 591922
587037 377434
552150 981430
523311 466616
496438 198465
247414 961034
548015 166778
947763 661462
458757 441584
405329 356749
633072 421026
269242 739503
969020 410609
186203 702015
113521 986312
193448 712281
831796 330021
745993 253143
628602 423687
686625 804804
643144 394973
414804 257964
162786 400836
129647 134475
481720 829759
550781 879163
822675 447946
175204 346912
987249 728236
844167 733151
301662 518080
792673 446575
434702 178638
989462 726997
173929 712192
426052 927865
549402 930890
177990 357284
648825 977806
712387 845715
212599 327873
200585 159250
703696 923708
697206 984854
147797 496467
777866 108728
402512 789553
521441 320511
378720 650808
307944 859896
266600 493582
330621 835536
589686 445929
949671 136020
744604 689470
665400 827935
688283 401881
554154 716615
559599 814770
570953 759238
699908 724611
349810 872079
669730 430497
773670 763211
642623 901763
149271 457862
564943 387379
234676 178968
667365 868427
449493 305717
665684 178764
726576 416688
481911 445828
285111 651766
216938 756460
677225 914462
506388 633837
626962 670280
409559 814021
768886 410417
356952 221570
128320 544721
542781 334864
972215 233352
447687 179200
320439 427508
759650 910464
122446 248430
854080 751988
255109 649998
144191 555947
299263 280427
168010 847174
196247 354124
326762 888189
943418 735538
560710 949802
351011 205873
308761 107442
772410 678845
694332 366308
582862 820679
410370 770759
732741 897692
198336 902626
787833 571184
635237 457448
347771 576458
662800 739148
218067 994831
626433 452477
848015 250111
216978 473317
667291 765150
220977 165700
526172 523361
203533 877871
548224 278137
915495 659824
813930 340814
901182 143511
775792 958805
425834 667018
760030 602051
201281 645843
430808 850082
337870 416432
650488 322215
500325 266812
509407 157328
100401 800702
960443 735593
635173 958419
388702 966234
130594 242658
461220 658422
295043 292185
261251 798963
319130 200313
171271 401655
278706 856828
649827 728016
658883 951870
412585 379548
283660 484925
683420 590642
225444 501692
986452 441686
932231 246185
828719 342160
113171 303324
600626 908031
183180 967210
203330 102344
374397 971402
961862 949869
546628 585891
766297 532490
834082 424904
920704 544584
492126 466002
314730 567883
769730 115313
328468 162146
425635 859163
563956 704570
590057 302336
469067 348311
720894 538855
617397 968937
487166 188443
503821 679759
758490 522924
417066 911773
821034 343554
236222 973047
908789 672461
554694 326025
413500 116348
840381 934371
226107 444747
115671 680270
621049 623926
371663 960846
506908 392921
209176 398005
701170 690817
475392 117179
431378 272628
493577 626009
382853 881143
299119 897016
304880 652544
782554 248630
625524 576543
666218 420201
954217 936977
135313 289955
979581 566304
181678 537723
732945 318013
335738 762156
215665 231113
714968 820028
652839 311067
486997 689975
228974 346497
134956 311513
494103 902128
274484 953540
435748 411690
322430 308854
470847 190569
165943 845438
280172 280248
557224 796248
925017 909419
633125 820161
708189 471090
838556 925168
453892 816648
501508 240979
497136 960942
325654 312313
981805 466580
250729 626758
505757 509484
473901 236734
954073 111251
964604 271723
288209 809627
925554 970597
249894 147260
882290 758997
766056 450175
967259 649559
797727 954111
691065 575834
820102 715724
621125 518223
544667 507850
886463 527385
443402 736800
735336 619418
727004 488321
201316 933474
138524 428530
532542 752737
292802 435938
729757 639632
838526 291751
142060 247195
508281 965446
612510 592051
956778 859347
783283 989144
732901 776903
862552 634712
747111 313688
298486 904611
633458 393019
925070 266119
888161 525118
902817 764945
793244 225684
790083 617726
301202 855974
304090 568028
446192 108239
117304 253840
245046 456815
165669 536393
138119 968232
660380 743121
676629 233297
940089 165889
204221 199219
895619 817238
632062 899767
435500 675377
603343 542561
619188 422787
501647 715759
680814 261393
492381 644186
781752 457407
499571 388213
876068 363056
246689 209784
163042 886526
544241 158776
787520 540962
678473 982967
871533 567304
596740 881756
141809 638413
223944 659733
156856 694080
176312 224127
302440 708468
968517 896117
255796 623927
736701 714206
546336 805510
663281 740402
564925 830642
201088 674597
177932 280447
204864 476700
925990 270463
881858 175104
173389 561639
243000 197127
478697 273433
787524 240415
631193 728503
389595 538882
539588 349536
888578 877497
183548 958935
671976 442644
997887 611773
132424 203107
358098 300952
126495 725160
738530 810707
797794 518715
187513 657197
397369 748557
563806 465088
774214 744979
507055 491235
755942 268423
792376 236852
378360 584834
541709 582317
453556 628638
118005 939906
598477 430386
138172 383410
644696 244767
347428 825726
907604 728151
851609 941607
834966 939946
173792 478418
268293 576463
843094 952667
468501 834329
106049 871590
898295 548862
900939 415224
486360 406169
596404 501499
439140 975054
755744 397325
380902 789387
257227 722089
163183 889138
695124 217185
665664 982689
378148 788755
613505 762388
822085 439777
160600 402323
278290 557560
178902 685762
207826 125270
758747 854142
879051 941014
926959 363856
172186 261680
462898 888794
205665 312174
254853 655051
995943 773828
939481 927491
812447 324038
542197 487748
559687 721614
494545 441756
626454 927043
453726 427490
786296 968069
255147 598226
756374 262720
510994 598855
119015 368514
866478 936092
139015 951553
673880 268017
249095 281237
116058 974591
951386 918152
272719 682651
261370 721418
637971 580642
708044 722914
989536 921370
978816 115302
204913 163446
778167 436422
845010 952271
919528 609628
481124 851712
278369 219253
215885 332703
943060 556062
358085 490765
574377 762562
560018 354074
907440 877790
591404 224724
572485 830624
533396 132861
678895 835729
906648 692709
157767 859681
555199 934010
918702 682527
900190 107901
436881 112118
701129 665357
317465 679918
981479 188502
383152 428221
658009 802393
630573 898439
684135 652275
652534 555214
603256 310153
749445 605799
695378 359448
643461 789049
785932 213030
156463 154087
960884 816221
782740 412115
338263 236964
840250 538075
577673 949839
347127 802392
965125 572169
249862 871677
478077 274204
676103 474193
317359 659202
809617 284022
254006 370150
980774 277210
521478 333767
643784 360619
531191 804825
985010 144835
399347 329802
278495 305541
510615 639266
843975 615322
662316 432323
105789 134634
494102 384564
732921 304563
591654 526886
884657 587767
728650 933912
553338 964541
624313 286402
824566 989881
271228 678731
716579 278102
445084 758708
774634 809715
127567 928982
178995 690269
624896 230517
352474 445736
371566 544441
514348 288222
466429 473340
826427 327036
975163 678481
221576 265668
235700 248794
945586 329915
136094 941081
739052 684253
213219 420632
988365 372794
924059 240052
936237 509911
264539 360896
470559 187721
133384 507771
363336 698882
392551 731384
686362 831389
495175 203426
550542 344583
153829 557482
888264 360275
783707 937383
498847 973906
464512 372823
889502 258187
553664 812032
403802 228129
829508 174355
895146 419793
123793 284707
407441 915953
428006 373373
823542 609285
838477 180025
274049 681408
336630 142080
870340 512929
645645 789180
884323 549516
124536 404146
229832 289632
284911 391261
514645 359689
412204 811155
298078 348853
422424 910407
226580 667342
895992 870416
949061 288224
169669 888370
881009 645738
841905 656663
229536 157141
797465 247717
435490 563418
149897 209475
642614 787734
529067 637837
700065 532960
295573 963466
122397 450331
303271 841532
925935 543508
915333 262297
498339 470928
247575 113477
580172 543102
330447 245567
865656 440113
456956 888291
974820 312389
391846 353433
292118 106351
341154 810962
241931 135121
372593 371743
536782 351827
735520 955464
999112 143665
503331 302863
558509 382030
868497 455334
153175 989420
715133 318062
184012 511273
428049 467716
934846 177752
421439 929810
429401 869100
210293 406222
852005 633777
343275 880790
105785 966839
717607 473143
756417 378579
587168 371146
589596 358342
770897 301866
529108 691186
310155 207144
794990 970026
181427 845040
972318 671539
157624 479921
345498 386655
633048 311954
694100 402126
222113 798243
163135 371539
560388 522467
824342 316403
456620 906804
331488 330026
748949 235799
982253 777740
323398 415825
360031 582112
443981 283249
249921 474406
861703 196009
565458 569825
339855 430752
648293 577278
997749 236654
189399 445353
119653 106976
638036 528641
665394 924944
630077 912937
260021 528585
998125 756363
756995 390256
867098 329784
365843 642987
132002 716273
833841 650471
828300 954269
787227 471441
186895 655819
443029 718373
316232 255604
485950 374596
346800 772186
450521 640437
590227 464519
394348 182486
893868 551507
499524 623387
268935 534247
629391 466388
419352 941413
865540 750297
961722 495945
559234 533510
878756 941495
582352 448676
576230 297022
440858 471424
846960 956383
621056 794926
545336 206069
317374 436244
514951 799201
892891 849022
234334 814841
576862 575868
968770 297198
468132 180289
601503 836399
789363 996811
870242 154278
196499 730665
618014 956658
214850 756426
700175 631854
834336 234087
799580 665292
780254 350155
459555 553004
115030 691835
665583 683457
359539 550910
327198 148100
537976 858126
350076 861267
420232 123779
187019 399313
480214 813057
483836 231615
816629 132807
912902 895777
836419 453509
186216 123280
872450 474653
682356 143914
464413 155685
406816 516243
819437 194733
954081 872829
360520 978622
824493 423129
599759 332063
787601 891126
981975 565842
644886 218563
372321 379956
553245 827004
570055 336057
274538 771589
381196 804157
261063 257040
916775 462541
280856 631101
818166 718897
167137 492588
984816 588724
440748 298005
397576 826714
399495 349056
909954 190069
876634 418027
492690 701094
652172 832897
931761 332486
993525 113894
824791 235413
866846 927703
246171 963004
795153 199964
990855 320195
995180 393139
334872 628359
271821 471223
805264 930362
431685 500947
497798 864635
198883 536173
415638 265810
455277 563799
633353 199013
478495 185037
404738 332173
497535 234558
970204 988410
358808 853164
504039 530253
423482 802734
195832 421010
166582 563021
916340 115270
176903 989110
361072 192264
165505 455218
970133 451431
822084 855881
233309 418475
243534 475923
243597 123612
662470 550454
532327 907622
565785 978847
824066 962907
891325 413044
239067 854969
417721 190308
395661 111230
278247 346470
501545 580460
674712 530101
141641 748612
353296 436577
333334 605257
905285 129152
436469 425937
863256 855990
200313 458430
329903 208248
615083 314162
547168 247368
889739 264309
323918 562468
997404 531879
511392 797646
679660 334865
808935 460075
740261 674540
487329 252710
363883 229044
583801 425295
128794 857307
374027 628636
948834 510023
662552 680444
891532 611783
267415 369543
940465 689258
325387 443046
292565 538301
739184 309584
239189 959881
157029 134444
436247 160285
540035 717576
274790 803154
810682 339726
871041 407484
307735 710684
699045 692944
398613 577692
195668 237547
914011 730839
785473 201273
732413 392555
402978 519871
933731 699065
435560 422362
198118 209656
784295 904797
549895 894040
118716 349215
514456 278379
465518 275776
319325 834991
459778 926169
759048 770935
931953 951791
853069 615058
778874 195923
809349 127190
415611 428674
749103 231198
188706 800592
752279 448738
733047 453683
673900 432006
747408 926737
689519 241324
651908 353279
312229 643173
771551 465560
277715 201737
509532 763260
527315 585508
874262 415016
199474 448039
949550 520686
951669 524770
861907 942001
860151 437825
672488 388715
963682 784789
920786 641598
211527 451517
550400 478920
683686 220054
768721 438773
175661 285471
763640 764360
278941 433976
499322 484942
607933 598118
263130 854748
163536 543446
117509 950351
693427 963732
221011 197927
210589 757080
770941 881925
670457 828355
323651 606053
956531 617283
497072 427713
572537 368488
961770 797886
799077 767363
371189 585327
130390 703598
307073 572906
762157 582192
246058 332207
642998 647160
486517 528997
752017 685466
523889 855466
943171 829139
277911 319621
770791 519672
279620 540547
101351 880077
440097 152171
945837 639497
909620 252581
142397 259257
525989 119010
110498 138134
389468 626939
883694 954267
718397 464725
371477 800946
675289 457512
531595 676949
421859 575832
344272 575633
500548 654395
283119 662565
722954 913252
987888 401327
564620 289681
913022 142407
690225 116316
725580 134029
706971 498910
106910 543371
624887 928243
621060 297747
770977 831960
358476 168695
259570 742523
352565 905617
145705 778095
446429 388100
293682 166799
799255 589313
387216 825065
116915 577971
655603 936997
187260 358842
926940 889086
802110 353437
659423 636360
186914 969821
463736 121344
364477 665385
891046 236161
640951 788007
898026 229694
830818 633358
667747 354953
244295 749664
907272 114994
708024 159785
166997 104064
559440 814132
370391 789898
689541 691980
409204 704936
319545 581081
618185 310776
732761 170171
149335 646550
577467 351776
106420 159647
206426 917105
849113 230347
466562 643325
461012 830143
824179 182093
500580 145040
907167 372963
216907 495967
312771 840201
592528 401294
933746 267084

1000
500893 939705
848986 604962
137661 680423
838718 460104
183418 471532
634295 359708
667918 544262
130505 677731
113647 592754
123021 367768
539581 263864
975629 989255
313514 236460
916284 205745
228031 884095
143083 719556
863112 476204
877343 748325
129445 657387
470663 891373
984483 809845
397132 577128
531643 592856
686769 272153
529389 968075
919985 198978
960832 469025
163068 986854
479526 278642
189717 984942
679893 626776
164733 213828
149836 640042
198781 873487
588074 455283
560836 358649
901578 216228
762503 563066
103957 802470
512956 469661
199579 578146
252102 710857
768259 410548
854206 305783
630571 897523
619576 135062
980741 430239
252039 284465
155859 583713
965150 736974
949995 410378
812901 238354
589471 294749
694193 505442
365147 423612
661664 659354
489305 211252
182231 372924
583052 382901
659112 909209
696725 520907
711131 772859
552250 719917
573049 304071
248275 272838
565700 404999
608380 293406
539471 870267
552988 900204
762860 479804
312987 576672
420500 419699
107923 422618
651340 510305
983945 588045
951982 621319
843134 263191
883647 716592
169404 587220
841635 380499
283746 676217
320892 522283
496066 365735
448554 490276
846765 221010
600912 179820
502843 307467
637503 984819
145093 968211
563333 254767
724759 450139
697367 162233
891373 388265
510482 465832
177289 202435
261352 877282
219773 962631
337079 885677
379245 548751
534220 170533
478702 729949
964097 691154
951566 751593
834662 370158
650870 414363
969581 553141
247797 958218
289604 350613
975605 873333
136566 227224
425041 257591
223842 801911
661004 666147
306536 132541
900610 478350
387241 939038
919824 846659
312821 419279
698995 592304
340396 841454
919712 199643
486316 969165
775133 953752
730464 998260
682561 931535
833064 897243
610331 979822
913377 247271
715202 166875
624421 511157
259834 338577
934524 876792
236900 625382
647609 361271
355475 912953
351897 664719
489458 321112
482535 470262
773707 574240
338935 216547
164684 810359
320795 422979
305515 461391
436311 279876
127044 467926
670271 167718
734505 213681
484861 827330
247361 327604
582301 596684
738319 743496
507502 386736
791925 807861
803194 522828
985883 871744
904596 241168
729117 836763
683020 836445
138234 411349
211675 733833
202737 527693
866486 161259
259099 735850
422568 542293
792913 963640
329617 743254
932623 238829
502385 404602
605178 280356
593656 289094
389007 341524
303475 218525
113026 478224
882027 619616
444572 996324
923543 935679
286144 863858
554472 324771
893459 704502
893750 971020
231066 261318
132295 700701
253082 629688
249455 784722
158540 481541
131199 832522
743477 536308
732470 784122
620829 621675
701838 426919
528563 936125
363048 317485
587565 233034
664480 380509
414127 977861
247730 414443
738471 235303
765992 959898
609000 959147
224460 948490
290017 311406
784067 627170
558602 312711
937340 882005
355884 970020
600542 711137
398872 581342
782692 914721
545080 712366
839823 354835
767824 219151
987401 814329
151610 838905
922744 844994
493059 631777
847186 811452
378738 775624
451892 853150
915211 615850
451645 882647
263933 222154
400327 929304
522735 746065
879345 953839
369198 983909
257100 156128
840030 416259
747643 333969
192064 790795
682306 916399
329565 248072
570494 103735
408630 730597
314800 376753
637191 132967
978492 675665
995580 205024
747809 605659
559352 500004
163795 497385
942908 929756
446995 511912
199103 784859
818672 371150
270137 353579
573509 492438
110868 501249
339813 698025
733830 447876
109724 236878
219852 369332
561853 722618
249805 425831
836979 868507
653878 286095
574004 533448
233504 667915
523923 945445
454060 179746
857427 666931
704041 468984
600406 298423
222071 409110
859835 620266
660721 335979
399055 549874
162775 239535
381227 678933
881971 188418
954568 644432
285785 945774
407579 802662
907713 933595
736382 178977
913827 299955
999781 472455
816258 760476
862924 230009
467960 977105
903882 401316
775396 825725
290741 771744
177937 752298
891385 310073
222938 481112
251313 777297
533042 852934
768941 128182
446179 295053
413840 533175
978832 650289
800498 677042
517161 694006
519362 507023
679827 854291
431807 569165
675458 651018
322530 651653
359727 151374
523379 956559
693558 511506
705161 197579
804450 660354
404794 644113
216989 163229
214528 981878
948915 448826
310007 396919
747532 801461
293411 750506
409656 232521
203798 978854
835085 381164
920769 157079
222661 865564
317796 745376
609609 195692
643335 580162
709026 327993
390392 603258
101189 764444
640685 167978
742097 902413
520989 384064
442169 929672
417433 771545
452043 753533
654331 247564
543248 238240
159991 673999
385965 719531
628259 809610
862098 959061
619364 375708
729475 845024
630589 837307
585662 830005
254845 440149
422886 461313
555888 477705
242613 456740
529560 975651
561441 854842
806234 797354
450188 127860
532236 102005
144817 595907
826702 562913
519459 931251
954086 909994
104911 583392
580985 849849
591599 452430
461724 399288
418071 924606
521170 184340
514337 638344
970328 848740
319475 384573
277954 148419
480029 280572
866255 657006
141400 246770
372020 796819
199121 828842
778655 135818
299266 914104
619733 246114
593427 138914
694402 494630
430936 356027
200514 380804
100544 982245
355490 885875
339376 679766
583765 971761
932111 680619
635506 457035
441997 722124
124211 762749
844171 588967
944808 199180
967558 786563
270779 282697
386709 257122
980644 820606
151066 926107
859038 466650
143540 325828
487348 467901
304555 931517
456086 196499
369313 715592
967379 941999
750301 642083
625100 969648
500200 445506
311322 318762
523096 620307
452025 111796
303967 983547
880495 498507
908601 223871
889428 864939
441359 121102
138039 171726
699660 279408
380810 185672
855942 127874
276331 720879
352993 313451
635972 235105
998918 957389
673726 292737
823552 595160
819454 255352
435464 407650
106584 638321
231098 466226
858569 307064
757661 254445
123927 617355
911758 851626
588046 245057
163547 517550
642175 201253
124066 402391
933584 900255
825994 937902
769343 510640
661750 737475
475683 402346
251083 923326
755666 427192
164709 636052
332021 145113
311512 383338
942900 799648
644656 740843
474264 378134
677038 947379
318789 305854
653438 711177
756992 688856
534988 680538
696977 423514
870975 581410
788906 153636
565510 722770
647893 184092
298002 809081
868415 366430
336437 959779
416224 158144
380163 895155
502494 647928
620878 630992
239178 730533
537575 252451
428918 534221
761438 585073
725220 179147
489799 338239
659932 294825
827881 991703
881836 404435
251968 763428
921583 815582
960322 905291
643543 892695
761848 475278
541797 161982
812365 195036
238140 424161
150136 851343
689168 957130
272330 570146
423955 726283
213413 795957
142841 706492
329337 528582
854796 111381
190188 436349
525585 923448
790448 991006
367457 676978
891815 722367
111066 583481
529838 753356
533463 781880
265075 552788
233874 281019
269295 925458
781590 930846
784268 390223
559739 811000
860692 798611
955556 932908
533672 255144
500592 720935
597496 187237
455110 696477
566745 831017
185728 423539
830456 635885
631921 713422
195346 878263
307479 784425
352814 977714
808231 126592
128425 246429
651308 417223
971630 279598
675809 411679
542704 944831
328409 775526
614851 696310
732332 465783
641517 180709
267135 360931
580738 424031
684055 818680
983628 162783
582406 959660
983023 281718
854796 133022
559458 319966
948430 369219
125386 870076
504798 647170
103003 312155
654878 287449
399380 342228
939201 209214
477496 935500
730151 656844
579821 630656
743412 964074
553871 149444
751250 194090
151323 821662
934310 338070
710684 667980
840580 206573
279036 276427
878718 873886
484371 357374
368863 234701
852865 156433
591917 399815
157483 493615
877426 615821
141416 842146
217442 892557
696977 204300
184347 804742
709878 678307
994596 166821
382351 236766
868244 664116
291305 300140
304771 324958
854667 661574
822157 493207
278216 901979
618671 464979
970894 389969
708916 659548
732174 570853
420829 486381
334392 339375
455035 513150
588852 351039
846397 301532
398702 434958
773092 380818
684736 428640
570185 640239
747922 396701
430884 756818
667244 839513
640053 403466
478162 661952
272931 279711
363564 847279
927967 808107
652218 409762
400782 175638
912943 399071
338643 672651
344411 386976
831199 191118
582630 443323
556047 851568
377098 814596
941610 691838
487146 326067
228899 834958
599779 836243
825162 230117
529213 958624
111634 730721
359858 503962
174294 377867
133068 958767
358045 872771
949498 944285
188716 916207
135643 297063
346321 694907
362569 599859
818177 741318
169130 112743
633611 993584
626672 889964
942511 825610
550457 694927
605668 272859
916598 709302
701645 638064
425625 186251
833301 525269
301113 819145
880193 593870
853136 815797
411744 201774
649222 781235
912083 768665
794094 583542
487677 911549
164546 179976
597119 901316
842483 735905
703962 708849
539875 251868
275314 856708
249658 267096
355286 520507
913043 534483
689948 913606
419686 665387
606494 811555
289188 390917
834707 195558
836650 616346
688278 431747
622550 284483
298244 507453
988404 780738
625027 284579
152793 358216
647502 412146
479444 689219
167742 405355
894318 269183
311762 389820
748648 961947
755624 391157
544126 645215
534116 713743
930381 161837
430320 663327
298163 576143
467492 674023
492960 485352
528928 749684
200352 250836
925206 195551
346327 321769
815568 155561
135319 879867
516088 316894
148472 446772
536552 729107
434869 764766
924123 243777
170262 697330
977411 628115
247169 347246
510262 614392
118241 828870
906306 154399
870079 644738
582235 904797
144086 234263
759695 786260
705195 381935
252750 706858
464842 805244
475321 857807
502949 333260
557775 285690
830038 373291
430265 554506
792620 154699
637226 198433
145950 551286
245079 705277
609423 317194
873885 429814
809092 462473
841876 240697
988468 488986
961740 581674
924931 835013
604964 549238
485261 156812
500067 758549
121751 244173
327227 499218
193312 777136
236186 667836
424813 816194
280250 140865
286828 618552
850077 265913
483854 110382
334529 306841
725381 636949
558117 382570
711086 777454
822792 637678
752911 769135
691984 548488
615484 759219
435272 562016
638557 760266
197406 611374
804939 297189
740540 728119
550153 773804
696952 549205
901355 376803
155818 232627
108238 555140
825747 346572
947027 918931
560966 332579
382959 487752
333727 478083
516161 750892
543710 394782
341927 303834
467577 318711
745052 898373
604669 731713
837692 735774
611089 207042
238672 796490
126803 411490
495524 481941
288540 654747
445763 829944
503055 221558
466961 473659
115662 755611
369389 729760
321984 841700
422476 778724
778816 299256
485684 874314
921291 233395
782217 716018
730102 118005
187818 373065
603142 512670
230772 269513
630522 716529
384698 802323
927901 978579
337189 472226
711017 178434
570625 254570
225853 439477
958071 724381
314723 294035
978924 327318
662825 772697
891677 635850
503782 630550
325191 251632
117251 647572
603691 583551
142849 893142
184715 640679
209048 391860
346510 729034
549966 230204
360228 837155
692347 943909
970351 437148
615125 577248
437696 598457
948076 107989
493434 553437
884768 373664
761776 651705
337831 450341
600336 670104
130334 517079
838945 409129
894070 216901
298011 294115
293464 659512
577266 703864
986313 583277
733044 261150
996309 877365
197687 152333
310044 414913
334041 220623
793636 595533
229119 587758
442638 824764
927234 273208
904140 207113
384943 706684
973020 559882
452334 135385
405900 239178
145225 978636
671128 503204
519998 813144
431494 531868
164580 141269
867459 205571
933350 195975
802669 329055
602857 775103
735385 946041
684461 387373
724882 748407
579074 300408
371815 389039
492695 595830
805197 811774
653559 593956
456009 816025
912104 833800
668321 810984
237951 166402
365625 664249
292267 156481
475785 267452
385994 651348
155072 120035
112544 194907
675251 773389
415136 829588
785937 539917
871552 509634
994826 241671
477251 966434
127087 617097
263202 597484
267101 609131
231478 577282
795804 319493
528729 356320
347201 376893
330539 567760
172338 631165
821996 603463
394794 380544
397921 674311
554648 427736
262229 635844
166985 449514
804162 489606
733264 430569
810694 781022
640111 191513
559822 891173
117735 624853
678661 325093
849167 735388
445075 484045
411054 553323
410730 808282
757953 429171
862816 247017
706465 118744
315738 340113
816078 643038
301208 878217
925344 585370
342496 924926
418492 574062
470248 322980
463790 452154
292052 561826
404218 669356
635388 528728
670752 657710
796671 702810
883010 405060
694560 876309
976183 376791
822918 570436
952099 974389
736817 421465
860021 272538
934835 564285
443761 464182
125816 165984
347796 992078
890117 919745
233735 163943
784698 172986
556757 574029
691581 200364
558148 904977
230883 107457
184334 516258
989383 910044
292941 378074
874015 727105
399232 772072
268797 622487
414876 875458
343701 202500
925144 334291
358943 134063
576026 977478
239015 785744
560746 295891
268023 894128
665597 594837
293737 347043
786455 741744
118412 512336
114171 112102
628218 900916
536457 285414
848775 345625
744635 452117
247256 380173
301972 978390
645744 204023
864270 363879
221442 673700
602964 745457
941948 304972
727293 820515
501038 629850
821315 251713
505292 202336
563737 616598
162010 577738
459270 155785
567383 462291
913118 333708
381336 611743
461464 756690
867901 952242
892779 167006
251733 727617
691173 510995
765696 648891
569688 491481
793620 348272
633925 920440
607851 302324
240575 642776
389895 916185
378288 433640
145882 338550
755935 319354
621692 885792
160695 417563
339394 545434
151783 458314
701852 885487
176661 302227
503658 628200
743330 170587
876033 808593
341706 377713
275723 298415
810534 900517
756672 255263
232846 491898
705977 696722
928993 926841
297884 210297
889187 544759
973751 193486
626681 556855
834860 895063
801156 326352
978973 305900
874683 974382
976415 526181
414770 992294
266401 524377
962528 672324
123781 233042
364782 352051
724678 493753
989061 354658

1000
997179 856251
473572 600679
706408 132767
839639 963257
290279 561444
465872 521663
713659 834907
974563 819919
146645 598756
634854 785729
523634 731483
374500 232942
382503 875283
495035 347898
330958 355960
155254 634766
239286 207560
218554 687259
552516 712896
307506 978820
302952 712196
423312 872691
295638 511941
493125 742451
789177 457616
427356 668218
402283 680087
448750 674867
853342 109611
433844 922029
345354 631639
227505 144427
610575 265721
679320 431948
844509 874759
416244 270148
156527 420961
511330 169647
127445 627337
787825 368181
118610 548966
775610 502447
348643 480917
908441 834482
372951 378381
320584 863438
975120 452116
628905 797115
856398 848238
487654 825693
610324 856084
316352 935003
118049 338934
197864 894849
123897 815353
902194 160059
159353 485576
823548 240807
610234 433796
121292 322845
660237 203253
591183 923539
160354 765916
700640 922105
174311 859056
496071 182930
714071 319589
292176 725318
335494 183674
271766 536572
828101 276623
606112 279627
116439 124437
843025 389415
762766 130059
636075 421726
596283 402305
296837 666175
679862 283803
428768 339325
620103 737248
383757 719925
882185 331084
545440 648185
544374 877993
343098 959030
630888 785178
112170 660399
934943 762462
963466 657665
643491 127460
321569 976062
159189 607082
729327 180658
205831 992025
372999 197106
661056 715768
238349 894248
738321 785751
331674 186201
260259 946321
478260 703122
453125 424069
536620 606249
573177 946266
368352 882609
579116 741441
492352 789179
851044 514406
328776 677995
447742 625774
114768 994060
924782 209788
626315 651091
520482 727990
767097 405120
105451 522989
710519 732228
925225 675837
836304 223431
797551 166269
202803 147850
311683 354674
409443 544559
327550 928795
351145 997554
263568 901819
423579 886545
760091 222073
508623 966175
638134 496138
163903 104437
585278 119401
869325 233908
989259 690225
705295 178291
897435 147718
823493 416093
454276 825068
474730 105016
630372 880076
460088 487610
496147 825002
673309 595099
645400 311051
566913 835889
774789 642624
904981 141003
374174 331247
180266 999822
458156 447513
783340 154736
247625 812565
295962 452208
339292 159450
169193 533429
754857 135340
608424 789467
884064 282759
637522 960966
998665 498555
166058 179776
345884 152060
783238 543132
366711 407900
896646 648971
253826 544667
501532 734372
504132 857388
341722 866015
446231 793273
713601 511564
224889 988973
927197 769577
135442 329802
249067 495566
121469 720016
504504 323459
694375 752652
391239 739695
599103 943931
190452 815988
320165 663690
439968 898801
853140 983633
887646 900902
144215 953345
873799 271478
804849 457817
942398 430994
299829 951391
394339 421607
155486 649193
436409 787962
332385 125599
689713 488109
949099 814356
490918 422279
956092 665761
839172 391892
305139 874302
384719 301295
290791 461802
607895 359502
671047 398031
118116 454711
521904 682316
782519 794404
206205 854273
883623 631451
811759 702018
461749 484632
956298 654229
212350 721114
988561 613633
317846 266659
153711 466978
853918 257692
298582 765855
706081 906899
919527 349581
104535 858107
578578 805606
643419 803607
472633 402736
540835 396387
282732 428618
440199 183122
996979 955732
253511 978081
286624 798580
179715 942315
473562 424331
723276 571728
681788 794403
298992 145426
134347 835493
532501 957283
672592 407804
522884 813532
127975 214515
499605 649689
588205 471314
799280 939694
884556 398724
556170 976617
107823 367234
631793 510355
214162 595845
214968 583897
720290 604226
822397 986491
289026 194677
868970 366256
444063 381788
883205 723581
818430 190251
825850 144432
510142 847081
443038 829820
680077 556739
779610 602056
962093 237157
981632 594578
410794 668287
952317 710053
485124 698220
100623 256088
667595 981254
100838 992858
395195 360377
453070 967273
943082 813104
258951 649498
273295 141769
844766 276957
985977 513177
667578 617913
976941 280597
537956 781639
199861 803478
626535 242691
455110 525985
502442 794170
904127 706291
655804 528985
545601 621498
348094 518646
893511 178499
441596 238105
729376 278508
898363 164052
102647 836271
615517 566665
302783 703430
811527 807957
933656 205616
281091 123550
836835 798095
353160 636859
559888 619880
231126 596419
800582 782707
501614 890284
447189 542530
511312 883376
445498 908265
461579 375044
296091 375254
643153 840620
100208 821201
289661 800731
184607 564246
529852 470369
293830 379129
605517 866315
225196 672373
545349 481926
532631 416914
265274 544700
427257 196308
625180 833200
443446 640137
852060 933784
852436 141547
343387 493905
817920 471842
312262 474591
965270 745188
915314 295734
467038 635381
731709 874724
129873 658779
845622 720495
945935 747454
129400 294575
401202 213262
446985 420767
777042 211387
293664 527501
863418 928553
297850 612614
427484 985162
819047 280303
513086 475101
741509 545009
983950 880437
145334 912734
599182 775302
648172 973869
356555 241609
817412 353009
998688 826409
560340 648923
719969 822216
567379 423428
844603 899380
241397 699297
317676 719402
865530 738099
625127 530070
963517 658451
860408 588026
646763 120262
716835 553270
402593 488353
953547 323996
211490 934103
271682 755028
181463 172852
144653 606937
767741 550696
961931 159079
124798 332580
738715 798217
942744 587487
944759 350219
857512 460896
107176 102761
896521 418194
181532 284758
979378 762486
580551 719244
820010 318242
826263 882612
773608 497524
781699 839729
147599 834496
591880 319363
254270 209885
925987 494347
607811 262365
640752 309324
549244 650581
936832 744262
710961 946357
329434 732046
173824 258463
140763 781591
297773 340771
903467 443615
413391 585010
932669 373377
206303 558640
312238 426185
185137 765282
219695 185289
857973 328163
590967 229555
324762 566356
141395 627570
562431 998682
442608 975496
332468 987565
753053 234045
979843 944355
114841 950068
608035 736509
125271 372716
323446 794427
868383 517200
682097 503671
711729 379475
545408 884472
446128 203672
947048 967656
520104 486255
868438 360478
634213 397493
260823 233704
783749 990930
240445 263600
384519 940558
993375 140678
788093 990323
982289 674220
435897 118073
485054 530925
232540 546465
888199 396085
815511 338323
924328 283514
424133 210253
265982 854389
640861 213146
358866 110476
350672 268167
304759 211964
843978 106447
796365 302872
248403 656054
439395 381734
945920 222632
220969 357524
623822 155410
912005 332234
728798 576581
972549 190685
415462 493585
724564 338831
860298 748509
854494 299523
595946 729241
813975 382209
698983 640663
724136 994851
197538 405564
810370 833903
540729 881817
559125 335840
100335 977635
146428 325985
355667 615545
141642 826082
137007 133178
538158 458030
797388 291068
127266 454683
658951 557170
350002 724395
185079 447009
581471 987852
372540 841618
567487 232638
326674 449563
853122 617159
340175 899738
385461 224921
140363 765717
401264 122636
364214 152526
517159 880493
228670 118400
542061 548019
529734 899732
811382 188591
196255 247083
158460 903076
629356 280858
754087 671966
598892 408436
867707 238765
765611 234936
745667 229497
883029 761593
118908 940108
300852 196565
117901 455506
224983 510842
276809 109634
610247 882752
884072 828771
847787 280628
213807 129028
331210 877878
688864 367513
831195 975319
998153 607203
537355 111738
402607 787086
773538 873092
253027 316659
299065 272541
376807 486624
975410 990960
583003 331847
300185 880304
156576 355942
547312 298225
465528 690420
998775 862512
370318 898729
946897 592984
625554 304938
673059 861674
217642 406988
160165 483213
742034 673308
136678 209073
213525 177763
924802 272257
621918 602614
798356 990278
415218 248731
213717 868624
472862 783243
411104 143320
641932 261292
723522 754658
408749 746438
799136 706871
163902 155489
411810 717440
155799 323908
783914 770299
616376 106518
516018 165753
920002 806416
807109 356674
258142 330803
635475 606583
837468 692966
205370 855892
836249 810708
343954 315366
971417 454246
982318 767013
496208 246564
658482 679013
175150 184450
706769 910600
432677 660720
872110 915391
308477 548198
939791 553155
701579 374294
645510 166974
154079 832440
626410 261477
785386 874019
927231 949451
285948 484428
832632 576006
796329 212379
920974 235658
955785 480297
398356 337928
254856 565134
273077 345827
314712 671914
464002 566222
279077 453602
389665 671451
316724 170570
576192 355961
582852 861269
449241 101151
574084 726843
755035 178276
448916 914482
571546 384545
931892 795990
420860 142258
657893 255439
471840 747438
608701 416756
734357 906396
971548 425003
575512 880192
165393 517376
586413 407627
282960 925796
658673 427069
815636 531830
239938 659997
865672 964378
979867 878409
606323 684583
739197 492855
145435 621647
498518 220025
512460 323367
348774 241392
524983 382327
850602 481405
702226 704114
952981 117648
604000 235544
959775 646706
271432 195442
910400 108530
471368 975713
379548 591394
971494 889438
564677 351719
874134 548427
154464 394444
699496 111396
868225 485226
646084 735589
757234 116607
830868 804143
805249 824798
201250 671693
656899 430206
524774 799242
311421 154363
801274 683740
830836 249179
100460 301316
114507 784410
183253 239085
328322 560967
898077 266747
261579 389626
940685 841899
629140 548663
106831 138057
908930 835313
701495 298011
877793 911974
996795 428925
696814 541161
323706 940482
142314 843165
739561 945966
233091 510651
577358 854862
214757 131053
990996 720987
397397 477197
975613 883387
129074 445076
489607 578534
412211 205108
593461 234211
721929 872336
800253 985777
575204 363922
729657 690647
881670 853892
575851 752703
630848 689752
742907 897135
295802 151927
983795 908877
761032 282083
742580 293498
541532 475526
476468 328849
451644 225766
754858 688386
760773 345868
111989 920136
584120 851676
386662 588590
185720 925118
493334 743682
287704 962128
797127 663075
670474 718831
267464 719551
423078 589041
612612 381612
247939 431209
198255 551751
330241 357454
227260 369162
469817 172916
267251 514116
334846 640871
584029 949202
386005 383732
752058 772248
116653 581023
467079 245020
682118 615994
370767 257023
755104 602656
886319 140869
932605 867622
261114 891552
819765 869479
497280 494497
770567 478230
994581 369074
931144 896580
953783 251049
925178 387355
899542 336531
559815 911460
917799 773975
647226 123927
332744 660668
938369 807093
729033 125893
175577 607160
470122 928389
869021 237155
734198 390036
794677 909506
697463 910096
277120 456772
353268 575912
867313 337218
859203 505773
820943 868808
739881 672274
709986 337161
304319 589840
618870 436695
580557 984142
959765 361302
365622 489836
372007 765281
135940 782558
762221 812999
540146 488193
386896 119616
752863 726755
812294 654742
429336 748817
300817 915022
804215 608127
186441 449194
563693 522053
321061 786927
446915 810357
436816 867845
559241 488791
882115 430021
438673 437728
800083 714006
756562 281004
233861 894407
550335 544284
317070 791287
890752 851719
486262 601121
720826 529925
415798 232350
968095 253254
474617 145216
139868 490039
349823 551854
116106 450021
287556 734542
439279 661467
635403 984771
125726 452695
913292 215272
222280 120043
937942 692301
769085 396282
765734 264999
363753 474946
539460 688020
339881 773630
597001 385535
844348 558998
117886 275298
360944 564711
131982 666595
808761 226260
478857 628757
175677 489598
204924 630278
775195 222300
309824 597090
238089 180984
402814 521276
275244 143125
878053 270248
984475 733018
736818 111654
678260 289676
630186 583212
216003 539145
822621 730929
107554 225764
665868 108301
778097 675902
934948 178550
824327 181955
648175 619455
570569 660827
376088 700573
869086 865439
158988 930508
541837 578170
120810 889783
754595 684594
159222 921508
256022 811048
616651 904192
863277 265639
444373 321427
863780 173768
235199 133275
315527 271750
662862 526974
331492 172339
373013 787671
317133 533813
989478 745731
558702 475152
435590 570239
254741 277406
112865 875830
846409 527485
611419 179544
324131 397854
924859 235602
285411 154035
859325 428761
878238 758720
659576 651645
313095 421119
916717 512809
255366 796758
853825 931324
795066 507985
960367 396782
145929 163165
359621 426117
452641 109116
735829 372586
595885 853649
221503 267028
168142 951363
324018 572923
193518 748214
548156 982830
872861 444306
317454 238518
114277 118874
465306 808036
943182 495359
208195 710698
683878 837560
258770 891911
255489 516272
849862 995329
937141 533557
982870 819160
894132 201310
914492 798328
593934 269709
983585 636249
936891 902558
542828 476271
391630 618484
443330 605155
514449 790750
364465 637996
621108 889985
751433 940586
314298 970524
359463 256579
945836 168702
525944 420469
353619 378552
879722 943509
712432 420071
335116 372701
876266 472662
379710 713700
433480 395998
365045 379189
973391 706421
535235 526559
630332 926504
619797 810506
459114 791558
495916 425375
613959 949116
274536 894104
941555 558692
627921 189370
872056 846213
357668 748399
717270 115827
712309 502212
956180 728189
802205 159815
427071 483502
263959 231340
288700 352538
488921 783398
795301 744755
872665 881655
641528 775485
240102 530604
481439 237935
271558 818211
840899 152942
840796 981060
962356 321366
423038 659920
794053 407174
344291 409860
502427 853260
974913 336326
493400 668449
249947 618688
818568 782066
769834 299970
393438 340747
350715 354231
591736 812549
500721 936401
403753 999904
371032 409150
646219 305631
693971 588212
360389 884534
379845 184249
285294 737278
292374 384132
777904 830293
947788 609062
416163 293709
445016 179928
500103 242299
228813 531457
822024 618222
329956 499084
743669 655020
286084 144700
971179 684164
243539 345675
813429 818512
370116 697620
719320 952204
898191 438274
173237 169329
335688 242020
571686 440462
867223 393089
994649 652800
492302 255233
208654 427030
463793 175974
811032 918855
815141 904827
710855 475095
444170 823915
998908 691167
709971 937876
330098 546898
891472 588843
753634 742041
810813 413954
316434 258379
611454 231816
737815 844403
363987 968997
151220 454547
418272 252625
532659 250455

1000
220001 953515
709391 895902
437658 456987
407741 687609
793284 997706
352428 133309
296010 418921
681387 217842
888515 349420
649509 578681
433031 481416
706355 398074
947964 292812
180476 449269
709487 557061
909835 168501
175532 470813
444209 528722
626788 302747
710148 428464
898157 521045
177063 143959
383719 368601
118738 851076
831767 551770
808400 333687
816806 951105
844157 586533
348040 812917
186087 473771
977022 401728
567511 517276
269870 435442
387878 316248
525972 700918
111827 311367
761084 446358
487828 637787
408527 379695
649737 725168
397260 506218
214963 116612
739231 271663
775240 777703
475260 645806
719837 345451
207501 139316
776296 811667
484713 655268
675777 429209
755382 183929
858903 703873
948255 673398
936548 491804
187271 838934
904824 531145
854513 286520
812390 545391
985415 192099
207419 501403
806369 639908
504288 587167
255089 223587
537583 904900
174453 907154
142464 343247
920898 680702
833179 896279
515661 881645
981733 289141
334401 701401
619237 869017
998622 409934
491026 651890
303580 995869
779712 964622
316960 859763
609931 307578
985239 790113
318862 725810
598107 333376
996402 549509
296035 951571
396839 128174
817790 684802
906376 830277
638968 442997
315306 952999
248291 380760
962602 139684
119818 876713
379905 719129
543527 382900
418303 458368
121867 269642
951796 168893
751252 445284
101469 485033
181743 455888
134458 271915
666138 196671
342134 653243
141138 564554
831042 592606
469862 326256
625036 520333
213922 387125
169106 402147
999846 552799
325059 674119
725221 153640
181833 332096
545267 400075
381384 414377
749789 410075
361308 152070
195400 837889
222062 382507
236927 964964
553579 151341
876817 901210
282776 801435
845828 607100
838590 318941
476227 766192
855942 186773
758483 159186
198889 447220
560060 706659
896674 301737
695272 498973
629371 504527
410516 679700
179406 278035
584050 935047
666854 456235
525793 814654
159562 629421
860868 359135
221326 474862
204196 210478
596216 614937
218088 786341
767851 277768
753812 128756
147014 614313
277401 963201
534660 689234
851800 424946
314698 818136
840949 391863
163409 810843
799173 235182
384259 962993
690301 222930
701967 384667
306731 851632
555303 179262
826802 752824
845141 948541
652397 547133
683298 871429
839220 350571
790352 424568
151941 260052
826975 494776
368311 627391
973634 331306
277677 293699
544293 333735
532768 104001
684819 932390
688966 640298
895993 231967
129303 913869
803963 749556
944724 642855
891689 236575
605011 766655
321779 573879
599875 149852
105485 946879
571189 138142
333393 565188
982096 688909
917688 742941
950181 536268
598902 208800
703027 701995
280656 673803
499740 744943
452182 747383
611455 338866
340322 997570
800056 994854
346831 430275
629212 323674
638987 249367
301012 141659
340640 725793
129334 496788
648686 772084
194584 291625
895423 247940
883170 686613
398355 670146
137696 153717
633151 202356
262061 571188
852958 759131
145520 518622
301708 271331
354376 963120
431544 242708
303292 858058
609379 614573
256453 450073
715170 891486
977097 460515
333046 322104
354521 904315
393256 525140
521867 946395
408045 288574
395928 318743
462408 388175
912797 932238
217559 803327
250305 607942
276140 464600
448497 597848
934025 597564
847262 803753
315948 654929
747899 857687
838980 603546
894991 290311
619466 915012
689925 432200
455386 911189
687553 685330
693638 610305
937047 720800
877435 181997
331424 908119
413605 255747
481658 977894
165004 822387
947253 368401
851325 173491
213911 864278
365092 637775
628262 732713
820753 625027
250537 501408
630869 255607
418657 505140
918751 603943
606800 578813
441284 496281
339651 762862
239933 702637
337005 562079
482173 180260
803753 407258
864077 451613
500759 776670
854794 469558
831589 319114
894966 916486
685048 664098
116326 489974
501509 709367
103988 820369
964822 776737
180681 450232
166224 572869
425073 952429
979389 416138
590383 545050
597043 187949
321096 187859
192820 386503
197423 334998
217713 521848
847466 455117
941953 738074
859440 810669
323362 409120
691997 907789
972687 668375
788794 118121
210162 859037
945873 511604
931427 401291
880762 992628
373443 173972
824215 741818
155677 179981
613350 930431
528398 280577
616028 711742
388797 453291
364644 675102
141324 149030
972505 273310
166857 652168
330600 155875
469973 418751
396347 961162
674671 706352
212603 764922
994296 238570
680681 711578
197467 686339
476601 658388
530037 125451
713445 766548
527523 164713
231265 989365
486573 401007
613447 198833
615659 985590
681237 721452
711002 880295
416337 303215
480656 146818
815310 517641
955619 374113
511009 815768
509617 905770
160302 515246
955067 119689
835598 613097
482584 282196
996914 971952
722173 778648
256257 785214
202627 923602
881862 473050
293452 175224
552073 305131
480127 409796
791177 980640
313326 249465
846355 813294
709172 104149
385218 322375
695798 346952
762392 431230
996673 242135
632387 369533
604326 257244
931394 524367
966361 806492
568478 605070
890797 698514
281592 555692
193534 973679
537611 157564
566150 631438
848593 107871
957787 580589
701373 448467
368167 906064
866627 370348
655873 601002
666638 755635
366689 926575
907207 549687
724321 692541
754161 393780
600491 108133
665310 459314
652542 894481
133471 977976
857911 819683
225016 319046
359734 669866
344720 876100
654035 101886
572772 244904
264575 631097
427382 747004
516855 641028
994161 915748
130637 777505
847883 948767
580135 382551
261249 555527
262310 399316
461315 413226
946447 376720
315901 271226
834298 665046
243786 962880
397317 785406
825607 157721
131451 171953
548559 232836
275036 594920
965877 759093
774054 907342
931889 955625
229053 628010
684069 211013
188943 260640
429643 665011
405072 287637
166438 805564
536298 443623
281545 580718
557906 502260
521003 475725
318989 598172
267366 633640
974082 458337
410712 423810
970975 952347
424366 613613
586866 297505
415939 206607
612867 448934
861294 623777
688147 408231
335989 755339
974406 258434
270035 177750
335570 757875
449005 478244
391062 580550
174106 886478
228047 924676
174746 576090
929808 617912
767319 257850
118188 532003
291146 461953
452470 225016
440369 746424
988624 604449
963239 603666
757018 627688
452472 847466
181658 602427
978105 120846
657221 348821
652215 319496
285837 281146
172354 408360
103807 852597
748854 879741
754310 569813
885110 672476
952555 873019
976929 656205
955406 412094
103696 856143
384461 106154
100195 900373
283796 568502
453657 452022
978303 772018
615293 811004
697629 210465
853939 226834
177013 711766
823223 237291
738685 189818
632905 566740
902388 878915
333666 183871
412908 591441
462384 263056
483409 138894
268848 889376
927935 386890
886392 299122
638340 735195
129052 765953
673231 743905
270840 715244
246775 943804
115800 769734
131026 517233
193229 308159
531222 936837
767030 987707
633376 104111
708364 136703
456824 296858
207684 431765
896392 601114
336566 662694
644813 949499
417867 257046
991256 738926
298515 209487
381333 317265
241545 719698
694729 706375
559390 602006
154511 562648
823962 961163
462202 243382
523948 310731
819170 647971
939477 465386
796533 294291
161782 797454
827336 557629
493718 519289
348821 778696
528176 871134
397164 314779
910688 373730
513346 574642
654816 834361
707081 502865
459498 917288
293276 607331
539490 203386
661017 565040
771078 181645
513779 978200
603865 525264
292344 867214
793291 138884
516257 515924
919114 807287
107127 596987
140703 987285
904117 825919
388521 866619
324202 252592
782562 797072
218471 244144
616511 167392
437800 834965
569641 923453
701496 154906
485482 311481
718437 821533
494523 451676
659800 879018
203890 181776
453205 129036
632457 600367
592717 123675
577839 538827
390926 166744
405023 160849
685095 473595
346855 964977
455903 295018
883458 797245
874420 862357
819360 714271
398861 615065
795644 920652
943535 819209
552743 783519
476295 478915
114893 542776
162943 402354
429285 878493
288648 995215
108034 130444
380778 276435
722155 123610
728870 453226
266745 159993
267786 397121
406165 309859
762471 223906
770079 158435
285077 762928
103607 904681
792296 646153
339029 857190
550524 497707
278822 684453
762897 513717
150219 219331
744159 847647
507466 551181
341210 146479
244734 880585
347948 628244
723800 447529
448991 239781
740658 815602
403522 805799
729963 798783
456195 884308
246148 896392
911744 738328
173577 409707
586020 812921
489228 251987
336096 497739
311735 549157
338875 272722
274238 910271
140431 843664
692952 690946
422037 300546
769647 452391
546290 464154
967691 530183
512775 743891
844278 432520
644699 531188
739831 265677
382846 346506
995077 241625
969519 774989
437641 846610
501124 836425
743099 931922
668750 990473
535802 735394
684053 802087
679165 643290
886410 541301
934649 669740
339483 405668
769679 465164
324381 254551
453462 508928
200245 532694
761508 989003
323924 369785
575372 689116
922018 558522
406453 313683
826288 250761
441079 432482
867376 916721
180453 436814
474158 580969
151159 592959
220662 175409
709531 739978
355794 299738
970886 628588
275316 907855
103916 255152
387684 502835
444228 485965
836774 490366
437434 120086
630790 614541
931272 296358
731660 622807
477480 222248
411618 811029
480074 660887
110865 505614
412852 389926
355910 931141
742417 231047
178849 193142
657974 584103
448449 414016
110560 488365
599900 903058
713105 813599
963792 229704
240098 530070
292181 589904
593662 787849
411402 216466
179362 288450
404610 876633
458749 190149
417052 513966
582540 638424
665885 735421
860225 520557
762049 620035
584881 298371
155983 495646
801003 257209
274804 763344
353585 932664
152491 220190
914687 524238
239210 374669
360114 275781
170172 181339
416557 332379
132345 241300
388897 636352
146329 959533
389484 532967
378002 224301
387937 337544
580310 306687
648530 973868
775094 282577
248722 751254
323982 859949
456573 934869
598771 910776
619218 916944
425355 750134
990181 915327
750752 575963
244294 555072
315859 219434
939144 946399
893139 212364
637367 240034
814315 875663
161915 924541
719668 673952
921530 125830
767913 434425
230370 676168
870181 976314
429065 185934
522680 748637
269715 283419
583915 640611
852045 350992
952804 668491
140792 647165
322970 773867
722162 334118
936341 589246
229311 757316
547613 846889
288438 388313
349916 427590
838571 988464
932480 872446
503976 847078
555007 455651
133889 134985
332302 269639
994247 540551
790764 635518
229796 975220
966280 465377
441165 554100
853952 345365
908068 389273
265221 133894
738633 777195
488304 350554
280306 725797
464100 721259
416684 194159
789330 733893
354761 658815
438247 863613
642606 770636
453769 523862
176918 468743
131843 173155
924451 306437
465728 750494
821095 679577
180967 188038
276709 225295
634385 730644
486870 738082
945872 240081
428515 859741
675214 652782
181175 952909
657507 899813
335700 487397
310235 638204
548236 785104
136310 861268
266694 351228
332491 115470
965645 770260
942221 633834
792077 158407
134004 201836
280716 410431
557427 121228
662321 276041
345050 538070
793411 951068
693961 104481
152956 500057
696371 329214
125885 520486
788805 477678
191676 190204
500487 332410
641274 813002
760311 115876
945006 970631
321870 745203
902141 483449
567305 330742
526280 889409
110463 921426
637599 878750
457028 167893
397761 315856
483869 660890
656504 203496
343309 274368
420298 963748
142586 770586
307436 341467
942924 959099
853785 850077
223974 756230
522645 335359
806574 731381
798878 493418
466777 571585
732556 397678
252397 831549
605186 234513
206515 174959
749432 823043
694039 498180
181524 914157
597937 240863
496603 981016
317351 368662
763400 623557
938564 463943
416229 289416
508028 994821
171726 347159
539240 872130
603149 222640
316185 588906
666155 320117
994711 305710
515808 727149
574714 587741
812561 871845
248017 612582
138163 509164
335120 989386
511449 502335
283093 820020
419155 889380
755144 730687
569483 744705
492083 219609
573822 107055
146872 832460
610850 168687
405128 717083
230092 343794
495784 116085
693262 163064
184804 724961
926490 182400
306881 450422
238137 840164
157487 532113
443089 522469
899939 867067
977746 900550
901976 714490
500906 764457
691269 657826
611794 449294
683495 446415
370969 217921
117535 654250
580486 959142
234859 120719
148686 104558
156906 771234
557834 103824
751961 179659
815170 808544
893846 833826
146159 918898
982021 377070
760313 401542
496159 376843
580920 616435
669010 779778
418834 627601
555816 804167
399993 135066
802642 700325
353290 657987
703365 566645
864793 259582
826976 630996
444371 783937
727978 899264
394037 612376
866803 708955
771732 218241
402018 417507
957997 854221
772788 625779
732629 500663
426870 975119
809041 655817
962719 930496
155301 408331
350144 202040
573682 523736
501849 763014
870271 846645
572901 503728
874663 145922
169409 799394
643713 807681
463305 408727
511194 956034
236789 729567
889494 962066
447582 306419
187310 803311
199313 445897
266493 612179
126821 993641
204277 448838
619545 117638
451587 400682
443844 298082
765858 676367
239407 968728
897643 720694
153020 290734
662783 467247
441798 209612
712747 183582
330528 649300
624734 124291
830309 529408
292714 511212
554903 931686
595216 285021
131017 132389
520549 352950
882467 406123
588697 868420
885766 174575
508228 107667
931680 195006
925799 198998
462686 250640
920466 979024
590923 163776
229999 135841
199936 281517
759529 961700
278144 568787
962878 904640
913997 154545
342896 285363
422719 223956
704956 503921
532921 160865
490377 246434
226131 591821
427547 182719
624051 679398
290245 803316
361791 412823
162373 532895
371628 138970
400351 721657
436082 260599
154223 740108
770105 496145
896247 613196
861279 914771
461481 519223
659283 701682
160920 282934
682673 642289
512306 467779
901083 799600
960276 267484
949690 388984
528495 286883
516929 854310
818611 315917
238964 162861
511315 499323
929938 545381
890019 391433
632587 936460
103065 300696
839766 558509
185692 611779
790135 285841
802395 396002
841836 851234
421528 702927

1000
419015 783491
143081 903082
989284 434908
716048 837182
646325 442931
342309 942555
499472 737593
313932 745239
134097 526823
782388 363620
727535 303681
788647 557725
219938 370217
999997 360631
751910 836713
268717 947969
548528 786166
502250 522959
946611 778932
329526 290394
325867 224986
573521 142745
639335 790717
273694 751834
159833 820230
385303 707950
427640 698176
116030 646315
777431 649383
978843 787908
109670 282557
127598 605042
915419 499016
298835 465897
588539 417770
499217 899860
369600 936299
758927 407297
951983 813693
385731 874084
949400 604633
804073 463784
582366 485710
328518 165785
511220 642555
609047 111288
945600 941788
952347 321292
498437 838779
425669 529347
280103 768535
398250 842989
733510 107943
489336 148050
287577 501900
484179 197582
736715 448383
646207 589037
255768 291679
789757 253700
149708 948859
595160 719469
292264 300193
579350 960898
990987 876367
769193 415379
232988 491458
409441 329797
205030 896177
420500 201427
699745 522252
604991 483065
689249 646698
974929 215548
863998 125271
711033 708332
634126 370651
641133 968165
857230 337282
690910 591883
964457 278609
746095 479877
452757 630359
172228 330046
867548 125149
919677 253437
269402 434686
306964 403169
532192 293890
690433 526165
363871 846610
595338 543549
894379 841635
511958 131979
394924 246013
123616 320833
396102 689151
309062 844888
955026 579023
725257 681450
103392 642058
365802 295837
201429 364757
169405 840823
682219 382893
681407 149904
107200 544993
441932 427813
778509 834665
286194 642438
412368 919698
430544 402395
707410 954163
396856 925484
536062 519631
579876 698984
506851 239735
623589 283519
785005 560942
155679 310513
708576 611830
203333 992953
817711 773955
595742 713327
491726 436165
722433 998795
455839 251380
293877 605459
372882 191896
158506 221781
645993 162184
970778 343621
729952 755951
102201 818755
948016 816353
229098 427542
696934 411164
106372 541663
439650 200486
735888 617825
825124 260679
496490 140945
677272 609582
829929 573017
368773 635999
214674 871323
349363 341035
147450 995462
300135 586477
388466 872143
418416 878525
596037 550713
834361 311954
919178 272906
847491 513894
777670 254002
361729 992586
732680 134735
110951 728497
323526 171327
636284 554059
732598 837353
959553 411769
140591 206769
660878 274938
159779 392844
374710 645433
481893 378460
521171 754846
209988 270125
183952 626724
413314 607293
340411 666962
221537 132002
551735 932474
358576 300320
828215 863002
448690 541513
872043 254316
467583 112776
144742 560680
100384 724124
640292 154664
406602 890865
228693 207079
318685 551410
447656 838083
687672 397436
135162 874520
313530 935164
865273 416564
927730 113610
878710 597481
560446 122134
182410 618405
354617 287771
943774 116481
426057 736037
618316 344397
563996 624754
114814 178833
239850 912019
660938 570133
822573 458960
196003 496040
995190 951973
975631 679393
549020 395531
365645 510226
270509 264887
512679 285622
300941 716956
359462 894143
422275 475238
665388 416083
261639 147269
102765 944524
659440 678092
769520 776179
709484 601199
779761 485819
677964 271497
874497 214002
482240 492641
261387 688021
546557 634309
744246 688963
664541 645488
375508 529716
456224 137506
862565 614269
765272 765338
866646 937759
504691 314948
509515 181699
412771 676159
791260 165305
504539 741432
440702 880189
893700 474968
418192 950854
330222 684559
554750 140273
270023 660427
416977 463257
412902 265031
247056 920662
934122 484100
964638 642993
760175 791773
656477 135903
751484 548518
602369 878433
963987 180411
468909 959074
704235 541060
569327 420711
735081 683944
717341 523406
251424 340813
782862 216850
333626 479990
272598 329159
143711 379221
162878 120745
740569 363452
619606 801881
140211 567299
276035 578017
802551 421303
951418 528471
886012 299658
435417 531326
925869 292607
368488 910091
744809 851004
738527 437259
408653 539964
520700 945650
323740 188300
355497 598268
991902 850209
484637 507022
295635 718627
406029 407050
378362 658129
566431 193445
618139 986386
324106 330215
977993 195222
197290 631863
687075 808919
644623 528544
796163 153998
571232 489748
834388 610299
477815 229892
879254 397901
561800 847458
371826 450544
433961 274000
635263 457337
282205 181516
416999 266379
785161 579241
461030 933818
453120 488510
138556 733201
238713 204278
709434 373691
208184 257962
212425 331270
353762 273383
258750 959529
883072 488063
588720 677249
183600 977962
478711 550109
661437 867145
329788 748364
733929 918382
316915 266604
325121 407920
312990 791421
699021 664358
632358 270362
226164 593416
331567 789779
897328 754602
460367 540267
795777 817285
759359 922204
407945 610612
211067 712020
370223 462154
952277 526510
557609 936884
356784 879697
682096 135048
967583 620703
338503 591203
626962 660108
793389 115354
118084 137977
786075 112476
837213 283324
941558 915040
345735 404562
302620 711602
664631 992876
441440 572597
315292 137749
380971 771285
928655 590883
719864 574090
253969 864930
159640 744062
749920 869798
560016 187536
859157 227622
499607 503986
356505 231022
829150 713774
786567 149032
161526 243933
451848 529054
517790 456055
663640 713645
167116 659012
622791 630824
854754 305098
746870 109870
649155 865519
655236 243539
711431 546306
607392 507871
378537 717128
585878 419182
417979 851733
311862 285126
462187 465417
118839 425447
314129 953616
224875 589438
949029 737359
327604 727858
510132 554447
867878 876407
964246 684564
598087 545260
293522 267523
697934 223510
176311 268113
455231 788603
444954 677911
524326 147323
740917 703813
473432 946232
371344 549083
400044 490567
155455 389907
515095 397049
402854 491061
693347 224156
630775 839884
315722 753702
155019 330202
189208 564970
347710 191685
868119 631027
295506 247930
177183 151392
363029 741704
364522 426589
176778 413353
342557 831516
307745 798305
506619 889677
880247 251056
220171 138473
194821 387064
289208 270888
242003 277401
705867 112327
200575 540936
732558 435181
601610 234667
220004 827958
225599 993135
380741 493935
180187 692242
543904 226014
805711 934795
537365 798541
652145 624685
578776 481460
297904 952447
490295 656767
184165 118279
855612 257291
207655 139410
924291 513044
921997 318290
922004 377831
729561 539671
665893 621039
165194 527413
108140 243482
473260 752095
484800 974940
418318 231034
679472 539747
312362 148253
687612 446267
363593 874693
942956 590372
773836 430148
573155 753242
384253 463894
427555 941457
214128 148706
184178 162542
971296 273830
939375 621242
678658 908630
860090 296415
946620 600333
476027 707805
319637 119294
887932 764795
755101 736878
986054 649140
826094 301749
791877 215404
202364 154636
100102 902015
233960 465288
792404 563887
161868 188399
133879 870911
749281 310674
364689 284930
168993 577412
753204 842174
634431 182522
883727 920434
936732 625546
308812 496961
978720 325767
540986 385736
750594 902875
824250 393137
195375 429516
960776 236629
626294 775916
598624 714472
673772 865614
621750 124719
755267 659861
287589 713196
577633 757165
507021 478374
301593 951915
297551 300519
916791 465787
403025 168138
481938 886903
187792 640896
779645 292456
298760 896692
214074 104235
610084 105548
602998 467588
141252 439263
908519 850746
560638 291730
134091 726782
622310 999225
293748 475415
120028 614163
581862 508334
612727 539488
231176 199220
524024 124540
631413 934876
415013 144224
200440 403864
333191 101568
722837 676093
383806 819713
820501 387110
960626 682921
467131 824913
290343 424520
572626 140113
727266 621312
756568 433661
670444 155397
348278 522265
181608 470676
673533 574114
234409 490543
407675 514270
165881 289512
395139 432410
599015 856770
153818 896680
674318 324692
800654 898518
876163 653046
515603 602573
595427 572282
433108 588757
795814 855365
651539 836200
161595 839812
164068 653823
283244 883992
987563 823066
399470 128836
787790 901725
595789 531192
929598 920686
860960 545031
395357 339709
828518 149123
343790 909278
545156 512164
504464 683913
173378 991485
407845 723823
280814 827670
267912 942826
311175 592438
350281 201529
837020 295196
821095 680872
922367 855842
401106 358828
426618 458947
908141 251587
240096 376306
698096 246952
935001 368360
841832 740419
873143 249548
540252 896366
989239 141577
296996 968896
869775 233156
571942 540256
251728 782847
346068 168163
376796 777159
371757 629965
354575 462617
250649 205066
349368 856748
154736 529743
407881 322507
364420 608308
121128 232728
424599 317402
993547 986781
489556 122964
143639 456278
559671 199458
925492 530739
281609 194840
477737 530556
662699 598676
161261 264968
779647 137855
787105 538826
726576 261839
263628 170053
847650 932141
551895 940224
159552 459771
463345 523949
582250 440998
552475 662363
755819 529552
255662 245356
689830 469596
702451 325601
865821 419657
697997 476031
713719 208018
605344 252207
785899 894891
793603 962919
476097 233740
152623 389362
579796 506618
563259 933585
480709 312147
853251 592306
682537 662999
198468 729117
610816 512888
691259 507775
366903 540237
844643 999290
903350 479376
664716 494563
186568 356883
645317 828934
107387 621745
635876 944497
616672 172949
141198 809551
793190 866939
511849 359441
426775 555200
887934 346729
334864 478316
632111 920854
545868 576450
895348 588737
148320 470538
525903 333088
584624 894640
237736 528319
504348 515730
255488 651073
902751 735908
278327 603221
289809 849767
785217 928118
738466 508422
187813 333271
661426 899202
136806 958210
248976 577818
161751 451996
645131 856676
320239 789762
489623 162996
356190 593794
310642 300257
321925 749129
470869 266078
645060 579941
491730 736873
116339 531600
644072 309138
133879 771983
885820 641966
668313 872041
966038 811442
490137 275255
670484 566487
479562 537463
641539 885043
545500 152884
771598 941739
617835 318962
660239 736270
658750 327633
265441 220681
334891 464347
537017 381311
829456 768676
173160 528831
651365 222202
853058 230165
136777 210259
318610 796033
754259 194481
286217 127353
484099 131169
818735 494156
886317 507918
564209 211928
878537 237912
115578 548132
698224 411621
666832 613425
366736 804655
958496 823068
325253 192614
620047 189734
512200 587392
712581 548435
239644 429878
639440 458419
582303 379856
383586 274289
127433 291523
195193 889978
910095 311723
980645 631465
436562 582728
169381 311907
881489 202807
469267 772515
505365 531589
559885 161218
154249 381120
174715 982089
401916 716323
233397 449779
968597 124649
362248 422635
260566 868843
429410 900328
675345 740642
148577 826746
301688 321973
365871 952944
363025 826805
224802 194546
505690 563320
563365 810332
437625 225736
598483 686059
464235 829104
328544 235985
996167 991656
960331 931055
934136 494420
996194 788696
680236 874444
836423 416871
187064 942821
271555 504445
197838 878087
237245 512852
426573 747670
167251 824646
577630 503866
409635 922863
557424 847365
867932 497188
983910 213649
205386 665708
309472 279222
215153 921067
660153 879922
181115 461505
498944 646164
827703 327722
506106 839692
106478 570640
110318 608477
963673 115651
481258 399852
915165 957324
669021 826150
538023 417123
553020 118886
942244 451946
228841 266519
303534 868797
673185 742638
413917 466042
396269 926439
248472 131078
130646 733447
287567 170711
439282 685021
519735 968556
613805 634888
251646 851042
252011 102047
624946 246526
368146 571323
821717 488997
486317 528317
950735 158644
617380 241556
156282 177215
318617 331651
763542 691467
971694 117548
938706 225515
371682 264692
106221 952789
392967 498741
243923 965570
174878 557838
637367 481794
437984 484512
981197 255486
183339 769386
952568 712393
907255 103036
951355 547884
768979 152956
716959 563113
678400 238281
488454 945153
327601 155154
430145 990213
775921 763597
541272 653373
165582 437780
536077 222818
937850 623845
170844 172684
768649 600231
787550 818708
305994 120645
989265 304243
512815 301083
505085 287963
162473 794539
950299 550271
544179 405177
986801 398959
880941 642489
361495 964702
155947 723214
350520 950029
864763 676419
955450 528743
317147 699076
456529 681577
389608 303128
237446 117637
280522 747657
711519 111632
412486 516020
991889 407333
131286 512372
852268 632583
347828 802657
814219 836180
214960 957457
600330 768446
960283 827640
948759 489352
317122 640154
958226 793947
189000 146039
118333 688471
228027 790445
667560 159570
847719 937453
230806 216275
589102 362491
328588 299537
936467 647526
603856 695311
986962 894594
588582 282902
390603 137323
869859 760188
212096 426875
336051 651636
523632 812859
504604 492268
582515 990139
725101 944799
117451 207117
481594 731092
726272 543625
871554 669820
694301 410708
280846 154260
674871 734084
249509 727286
278688 460881
220014 478920
842014 564818
931966 510214
737847 891119
217709 182589
875931 998426
586240 874882
288185 235193
717056 518265
991542 113473
687554 702050
826416 297646
368181 214864
265501 795183
190875 104082
171340 591278
165370 174160
359543 213870
778178 330138
829746 273833
132761 985410
210619 834621
953566 693876
480496 260733
916146 799729
669608 468715
529219 845385
432873 818554
165213 443923
111933 757766
304881 765687
936501 922937
159218 706099
753730 486041
571473 938444
919665 603927
672967 704366
208747 257926
131693 104788
832979 423100
781885 781732
226463 869562
810405 173975
596092 535729
962967 117530
908208 366891
644186 592664
371109 365423
878604 640508
898614 666505
897324 465483
938557 309416
590484 567796
974307 177330
305277 432258
269288 257109
385464 880439
225674 586895
451827 545873
150688 911442
386843 562234
326302 466358
731656 294797
197757 586121
480055 999953
631267 264483
721071 966691
647074 457204
276784 369812
712435 770737
855581 560419
535915 184930
583075 309567
621683 939194
589965 335225
167758 721224
554982 280750
522275 613922
991981 433870
873714 306390
298320 169582
218653 942619
146892 225836
133815 671475
476078 824836
171431 474718
842527 875565
771959 120388
230376 230750
889187 678958
327426 784276
764336 734110
549480 149363
746746 261671
960107 279626
120243 863737

1000
380779 849985
389932 680356
586565 660937
506846 771570
620603 792451
876990 256739
334903 536465
284654 510867
982913 367840
451628 136601
282330 260318
948551 427692
111425 880721
853544 982599
256113 862705
237262 793678
316824 949730
345931 627528
574597 801127
560062 739525
119106 169624
941453 503076
957175 387004
924791 323993
911181 230660
787159 998535
770321 882738
885059 264144
127913 560569
362958 630879
377298 291910
477820 733377
149593 406674
356032 180308
824791 240612
105856 679717
295942 571300
881827 147617
238049 105522
569698 208066
566640 413440
262997 683765
428174 347034
939566 156208
419710 772685
531927 642607
366989 624669
271420 624981
494279 481656
533956 635092
493330 801364
875916 885776
555624 591489
874401 887974
532095 642009
581986 307509
467707 726626
198400 891957
602437 964191
975835 475508
145163 304168
874913 494594
300434 241237
620706 941024
553506 579345
204037 739382
266771 601708
160597 281006
479876 524917
312642 816942
343331 355381
200885 353143
286233 520297
772302 822614
370114 940630
479289 736465
327865 955482
764145 476544
723775 935436
107645 437663
848313 701305
598268 332802
141855 654889
466530 551772
468641 935205
428533 579689
224732 898201
412414 921118
263097 149691
758583 907769
525377 914048
500729 167136
314565 520048
714578 877114
955170 438427
784105 127651
200995 241369
135244 138278
184504 710062
217760 766432
400745 956616
832307 801889
563277 800993
748440 148246
380106 643863
776491 120316
302829 245205
634801 771710
950664 274122
875517 500942
821709 263550
193300 809338
871006 343397
687797 524248
233426 904481
626335 749059
668005 347450
793185 449162
119774 215565
308563 313994
162181 537437
498981 257897
667164 845645
494904 809391
185867 418967
100406 371670
452388 319368
920003 962772
536975 491456
921259 652094
843549 673913
844717 228123
611725 772170
160703 923556
461770 617125
797859 236968
688157 216900
159684 546713
759725 290333
863571 134222
679927 480245
803735 623457
291159 604466
195302 728825
165182 818994
483957 489047
944460 741826
367476 159733
561587 229063
885477 987171
679738 364263
806107 947649
962493 812303
415571 466171
166608 991518
386183 884280
100371 664846
417304 115923
421103 597688
132342 545811
576904 353072
333076 788227
641704 638125
453467 724668
600902 270073
781310 729071
138777 130556
632842 176892
882964 943746
367462 353626
241270 694354
753107 562316
308913 362331
990349 953739
597289 538369
471271 696836
387920 115840
888787 345472
700657 307229
192141 184229
154871 496462
494078 172762
413636 253317
214352 334221
979748 604135
956134 568114
509802 630125
998479 488831
767347 564418
552669 843954
463620 478274
441347 268863
365088 532809
594811 924050
513758 484986
648222 153432
324965 116881
281418 842627
282141 858310
506180 336962
911916 107698
996352 701688
811148 598751
144796 279123
638730 308654
588511 428253
555678 498543
533639 649652
104993 799763
478230 870807
536868 574309
993496 783392
804780 834975
851771 631119
977984 373848
667345 829038
134377 682230
134105 281266
962132 608068
156593 194584
823373 955929
502119 667004
239357 297007
304337 564005
611303 118674
456664 321815
830293 699889
108458 369182
446741 163262
715430 830677
153721 953426
872446 345344
862093 737526
868948 972483
514810 315254
360278 355327
159965 220099
394912 449681
916050 155276
996302 504562
927349 676468
728854 176727
740056 799040
111085 101707
465125 713517
132358 893660
356132 589545
963209 917739
373169 572021
926271 848790
890683 515168
300777 557790
587426 551845
308074 254816
292311 588903
367960 711472
591785 728677
878287 440815
515458 499264
525991 683801
599191 226698
262388 196142
929866 244588
448739 762241
333856 839458
346501 790221
147740 825777
996638 140999
743942 611793
109439 625868
515725 227551
452716 336023
728333 217491
876776 239809
647944 594488
180615 338113
489684 703639
838375 245341
451884 607125
698040 848998
526533 957957
456979 865063
964940 856369
249100 908283
719723 306668
161812 389517
469070 136142
976009 956082
432937 602308
688562 821643
246778 911396
488538 869785
404724 513226
779053 238383
127309 164224
932959 779547
216879 695837
248428 105051
669211 497128
303567 234308
796187 466995
832739 367968
387297 484048
495535 726466
161416 153785
272918 280582
438537 735974
840235 658104
353386 164999
480112 131937
274278 978397
380376 713045
698779 390969
715091 462909
279894 157456
990675 941323
392820 888464
161701 915852
557013 977323
235189 613755
212404 616613
781188 699412
658782 722387
553271 561619
172641 175131
737814 636642
435360 166847
182530 865346
668078 604198
667264 927858
793727 739404
492603 411014
670832 808145
836704 987128
592156 766391
683333 133371
887288 593075
537252 874373
570569 725476
669492 981315
976950 867156
458293 396436
240960 327202
446323 350406
858386 911958
465878 641782
420123 548768
716774 877357
329478 459416
846558 277624
532825 298526
843220 375069
448909 257710
169687 352461
211789 909287
917370 640871
341136 978853
824150 384504
905149 559686
452465 775717
417986 186660
220179 186546
641929 402355
607487 250344
939229 354166
261727 480447
387667 598629
358336 290423
747122 766893
365607 499559
625702 396393
103417 893765
995632 889113
503873 768253
727164 636544
414125 257889
588820 422563
607384 138787
708522 423056
200974 244368
563355 711101
707987 717654
503736 946691
486911 280298
530767 650950
984294 790146
669757 493652
548191 336113
471566 786855
637090 232707
924179 433976
438823 842573
577467 462377
161278 134199
830239 681218
641374 890528
184377 342992
577925 358834
542131 531120
606341 682910
989543 678481
778307 590114
390825 986521
928708 743592
387265 374656
936729 429651
169119 555365
382121 157761
399476 962564
731568 746337
249749 245307
338814 266437
630851 287260
414538 373360
863057 467929
587140 835089
589169 289824
848018 912373
904604 533597
543687 378833
992706 157406
115923 463286
115022 829301
952915 866228
234085 818883
833710 470408
638415 736691
572893 729474
240318 688639
672025 896586
809916 528445
949627 502461
646109 161455
801787 486133
248372 592814
388709 183675
128700 417290
937706 132523
954076 119339
243772 701701
411391 399986
273465 215570
506429 975617
739981 450313
958899 359347
495478 690589
797725 676893
100178 853712
611075 553673
895609 446527
514222 859787
685552 392938
875235 626900
383650 173774
168181 548478
710170 417615
363577 357800
805710 495317
986808 869062
274636 774191
509749 574696
790480 709254
703646 917680
456731 383258
138175 742833
599567 529667
826392 298017
589400 454873
260985 371571
613215 331839
171531 415737
320872 345576
209121 331260
386321 180747
999059 411888
545339 619847
910565 902800
883088 365199
283960 232305
286065 975714
553200 499033
583852 739952
149915 967792
969806 545514
985999 170030
436581 689867
717269 766449
813281 104605
410670 365241
136042 643673
425996 991341
927207 924331
665257 600277
753223 865281
215677 629192
452318 610148
455202 161223
407598 364010
940390 839125
432010 274004
470642 682490
102849 605262
549131 403000
852427 591683
224563 541363
988571 241671
745226 685677
352390 587956
604705 896304
839171 223504
434456 376945
991985 598572
691375 346350
189267 471490
856569 811234
898926 546793
387420 965441
901648 164637
574523 216816
290648 840617
929419 670227
756000 199319
790342 260120
365379 151805
266241 135624
892845 659652
313296 874291
901953 311566
826812 537357
938303 178231
282552 417692
811921 844245
706178 243871
787172 874485
397257 194785
261771 440094
273611 843594
980864 918682
103808 677634
906601 147337
577167 176787
312963 617579
460482 451653
971366 855691
727926 421321
221715 802290
805697 232077
617718 886408
219580 953356
149736 549380
276083 495499
206861 698369
397349 876934
211005 261520
233416 928272
313391 168270
859360 256432
807178 554906
104818 873856
816647 438329
167600 919211
488129 679097
723524 882402
597107 272957
737740 706656
531054 184128
859271 983967
452190 676840
340725 982932
794767 972984
379337 583063
983518 846511
508600 640371
289192 904367
381785 346579
923898 169722
750093 282885
191176 316563
165085 444016
958419 643001
281187 280072
595267 427213
211936 231968
518556 290114
159658 820840
449790 399544
685091 443988
554056 417771
893676 192379
548888 200692
628599 599597
137360 584341
550550 470601
452515 200344
905049 624443
534069 904592
825320 800076
824691 336358
183020 954222
628326 980134
983755 459350
689267 953632
383939 800273
967605 268811
685724 104715
706187 808262
940491 989307
985675 239615
574857 834391
856229 352835
314868 382828
190588 697601
815588 415186
263553 623560
899278 856986
847381 400870
202642 924695
996305 385418
987939 676032
310189 757377
362927 708289
724458 963604
572293 443948
621851 235857
884299 380773
451854 870841
551591 441572
874634 398874
783838 792820
901718 946054
544812 364353
692771 748695
928589 537279
318145 963572
805205 304787
743659 649189
141179 840636
351950 291769
584489 960912
708909 872231
915791 703232
285005 295692
779306 493616
729418 179393
559934 952916
863167 494531
695242 294601
673324 435106
477179 303832
598114 739778
903231 990507
397871 154325
329662 364956
118844 431344
638679 730509
127705 757627
672771 373143
640746 264155
555923 460982
574108 960319
665143 170871
932352 328036
524086 368659
875245 518424
907118 609744
201720 908989
136030 850207
278322 373645
778871 824006
496230 733093
689149 312478
403537 961414
548315 925105
632488 119923
687448 395009
851636 141521
465585 908484
729301 515222
893731 778726
269638 229250
122558 803264
684758 921137
211297 636812
162217 685678
313115 802185
731107 374501
455161 830022
367070 961795
190218 959363
625440 852536
141801 923307
449900 278951
214524 247860
169457 716185
799246 272843
726468 123545
186278 669715
980379 464264
150695 740066
856341 352754
130918 381100
516517 498826
677140 503810
971040 728929
893929 178019
264081 136625
192587 392009
221746 618586
591351 560327
996083 731060
295149 827725
867115 488356
201160 445528
759238 105725
529008 245120
386738 425184
854547 206542
324873 638463
882193 343327
682942 973424
742571 858725
192162 486072
910255 247134
578138 349252
799289 987912
114940 540598
174608 794619
298626 539611
798598 248991
763891 904552
319435 517229
928604 242338
127957 792734
491852 149246
146002 930597
118701 421498
837999 602529
382670 963704
769980 397523
291709 627537
739575 340840
911177 173278
978613 145742
522413 398722
779538 529442
203022 654302
349038 566278
161548 654444
555124 878270
304516 527399
137805 673417
443034 944575
176664 446980
834195 794802
584720 429639
272254 901368
870046 940726
398379 500244
345947 134932
905235 454778
390654 377504
804881 468069
175314 404694
642168 137066
760636 269543
117329 303374
934702 896484
922950 958024
532738 943600
904757 161370
280273 635082
747969 173808
853521 436672
571010 615300
838702 119448
512457 524568
242916 732319
864724 465622
998094 721657
313594 532844
392834 726144
170896 995870
571507 174017
312257 745666
209193 676540
523840 220152
848268 461167
773990 645719
404188 251400
291728 592223
530942 816238
542917 546356
581817 533651
219910 459543
789017 998192
459999 729791
286555 938842
686703 295768
344933 656309
505968 394157
832065 918589
111489 928749
391514 623918
472420 986379
637458 829415
369649 798083
147346 690380
358878 874332
491668 283543
104466 682455
197876 183124
626678 647872
130005 993432
336637 305367
355537 224473
540434 330440
442277 321491
287460 285251
233217 729612
541465 201741
914266 569639
591616 618701
484194 951892
568431 334160
865412 907918
524098 579474
926935 237765
610804 702212
835724 140196
869202 263174
184924 515703
227297 401676
234726 704841
376360 534832
179884 695045
521546 679720
898219 986025
264037 223472
533360 166732
852357 502205
939552 266640
243920 122366
211936 797496
266345 802949
294997 827835
853093 161820
573662 399430
891500 647463
289054 838391
569735 249276
405867 883844
624443 250167
543141 979658
599811 527335
840530 470097
877278 391666
881184 656983
473740 597577
728771 426577
903562 549646
911851 570394
106887 578775
202930 643064
854014 166720
539713 932276
601962 821373
814425 236440
571002 110596
301841 801550
713341 848857
556811 470024
620198 476615
546998 947895
808345 287254
361351 885245
664303 628800
897453 922525
610527 993370
947648 567019
456007 250664
349023 548509
433901 400424
480494 143559
951887 388079
727132 969587
592409 897661
880120 293944
833266 688021
589028 968631
936278 634763
411934 222626
805523 421193
223680 162892
490516 166284
631080 757493
594588 802065
700676 435598
973236 769185
779118 604718
787715 146337
645320 862607
401199 284787
995069 198299
523489 234359
902461 872982
146218 511762
217127 428960
530098 527754
279848 404480
407397 194522
973682 412313
139498 267740
909360 767203
516796 103118
665293 120003
363299 890560
678585 979212
115098 313962
906907 787268
969560 902863
826468 818662
340040 287423
354928 849220
110554 610401
229154 105726
813236 719111
948255 345350
633250 440380
851126 140684
795624 856114
659931 673061
315427 688132
494278 403510
194844 207187
114390 699081
183475 782844
736991 202647
980028 786170
665750 301127
352984 920328
914742 912703
946713 990545
549411 980455
183568 826079
525997 764044
920164 983651
337512 271144
958415 761768
787795 743305
421855 983458
769048 666495
795314 413016
729409 650370
292992 475325
925765 728218
226138 911459
676862 942028
859036 537128
995782 552169
599725 544461
730818 753367
336241 464175
448585 946791
779283 714324
735832 635185
527747 757158
294270 357008
177950 131310
255124 957733
282773 993942
894412 213304
254845 972971
791233 130017
138213 641851
698721 711057
215630 868284
899603 290905
657431 137299
615512 412404
454481 496111
577098 162337
494914 936798
261190 265244
195538 710302
263892 812562
453283 454574
959144 796538
412514 420783
823242 875985
475523 356014
874282 719556
471234 914798
396413 928183
662097 325953
869151 404282
257805 638133
344019 674237
264710 267251
631912 431447
371853 110252
