13

5
4 1 3 4 0
7 0 0 5 8

10
8 6 1 8 1 7 6 5 9 0
5 9 2 8 8 0 6 6 0 0

10
59 90 12 49 99 48 28 43 70 72
29 82 18 80 15 30 63 32 69 67

50
0 1 1 1 1 1 0 1 1 0 1 0 0 0 0 1 1 1 0 1 1 0 1 0 0 1 1 0 0 0 0 0 0 1 1 0 1 0 0 1 1 0 0 0 0 0 1 0 1 1
0 1 0 1 1 1 0 0 1 0 0 0 0 0 1 0 0 1 0 0 0 1 0 0 1 1 0 1 1 0 1 0 1 1 1 0 1 1 1 0 0 1 0 1 1 1 0 1 0 1

50
4 6 0 0 6 4 5 5 2 1 8 1 1 9 0 5 8 1 4 6 0 0 1 2 6 7 7 3 7 4 8 1 8 5 9 9 2 8 9 9 0 1 5 7 9 0 0 1 3 3
1 0 6 7 6 6 6 5 6 7 8 4 4 8 4 5 9 0 8 5 2 8 4 7 6 3 0 2 2 6 8 9 9 6 5 3 0 2 2 8 7 4 2 4 4 2 9 1 1 1

50
92 47 84 25 87 55 48 38 56 18 12 28 73 42 77 44 16 87 54 10 27 96 55 47 94 55 17 96 88 43 53 44 88 85 24 35 62 76 17 11 20 59 41 93 78 75 99 48 68 97
27 73 91 14 91 13 79 11 61 57 13 83 21 22 57 38 80 54 64 54 38 80 95 86 75 47 65 86 94 88 56 78 26 98 50 41 13 20 91 99 42 93 15 43 43 19 55 51 40 67

50
284 479 421 655 961 478 387 619 997 804 169 167 184 388 658 974 892 842 161 600 379 979 325 215 933 622 256 256 254 174 854 642 191 643 308 540 403 586 414 931 860 994 231 145 764 694 289 729 610 147
420 516 428 285 132 680 705 319 737 804 249 870 941 380 392 660 516 545 842 421 670 875 334 537 675 486 214 428 651 460 640 413 923 590 716 533 917 240 964 522 846 236 821 412 266 271 442 634 389 146

200
0 1 1 1 0 1 0 1 0 0 0 0 0 1 0 0 0 0 0 0 0 0 1 0 1 1 0 1 1 1 1 0 0 0 0 1 0 0 1 0 1 0 1 0 0 1 1 1 0 0 0 1 1 1 0 0 1 0 1 0 0 0 1 0 0 0 0 1 1 0 1 0 1 0 1 1 1 0 0 0 0 0 0 1 0 0 1 0 0 1 1 1 0 1 1 0 1 1 0 1 1 0 0 1 1 1 1 1 1 0 1 0 0 1 0 0 0 1 1 1 0 0 0 0 1 0 1 1 0 1 0 0 1 1 0 1 0 0 1 1 0 0 1 0 1 1 0 1 1 1 0 1 0 1 0 0 0 1 0 1 0 0 1 0 1 0 0 0 1 1 1 0 0 1 0 1 0 1 0 1 1 0 0 0 0 1 0 0 1 0 0 1 0 1 0 0 1 0 0 0
0 1 0 1 1 0 0 0 1 1 1 1 1 0 1 1 0 1 0 1 0 0 0 1 0 0 1 0 0 1 0 0 0 1 0 1 0 0 1 0 1 0 0 0 0 0 1 0 0 1 0 0 0 0 1 0 1 1 0 0 0 0 1 0 1 1 0 1 0 0 1 1 0 0 1 0 1 0 0 1 0 1 0 0 0 1 1 1 0 1 0 0 1 1 0 1 1 0 1 1 1 0 0 1 0 0 0 1 0 0 1 0 0 0 0 0 1 1 1 1 1 1 0 1 0 1 0 0 1 1 0 1 0 0 0 1 1 0 0 0 0 1 0 1 1 1 0 1 0 0 0 0 1 0 0 0 0 1 0 1 0 1 0 0 0 1 0 0 0 1 1 0 1 0 0 0 0 1 0 1 1 0 1 0 1 0 1 1 1 0 0 0 1 0 1 0 1 1 0 0

200
4 3 1 9 4 0 4 0 5 1 9 7 0 4 7 5 3 0 1 0 6 5 2 6 6 4 8 1 9 6 1 0 7 0 5 4 8 1 8 5 8 6 9 7 6 7 0 0 0 4 4 8 9 0 3 7 7 9 9 3 6 1 2 4 9 4 2 7 8 1 9 9 0 9 8 7 6 1 2 4 6 1 4 6 3 6 2 3 9 4 0 9 9 0 3 8 1 2 4 5 0 2 4 4 4 4 5 8 9 4 3 5 6 5 1 2 2 2 2 9 5 1 9 0 2 6 1 3 9 1 0 3 2 5 2 2 2 5 4 8 2 3 8 7 2 6 7 5 5 2 5 4 3 0 7 7 5 9 5 6 1 3 8 4 2 6 1 4 1 9 5 1 4 9 5 4 4 8 6 6 1 7 3 6 9 4 2 5 2 4 2 1 8 5 4 1 8 2 3 6
3 0 2 8 7 4 5 4 8 5 0 8 5 4 9 9 3 1 4 3 5 6 5 2 6 3 7 2 4 0 4 8 6 5 5 1 1 5 6 1 3 1 0 6 8 1 1 5 6 8 4 1 8 7 2 3 8 6 0 0 0 3 9 1 7 4 1 4 9 8 4 8 5 1 1 3 0 1 2 9 0 1 3 4 4 5 2 2 5 0 0 9 1 7 1 4 0 5 8 8 5 5 1 5 4 7 1 4 3 9 2 2 9 7 9 1 5 8 7 4 8 0 2 0 8 1 6 7 4 0 1 2 7 5 9 1 3 1 3 7 4 2 8 7 7 0 2 3 8 2 1 5 7 1 1 9 4 1 2 1 8 4 1 2 2 5 1 1 5 4 8 4 5 8 5 4 8 0 5 7 1 7 6 9 1 8 3 8 7 7 2 3 3 3 5 1 7 9 5 2

200
47 33 84 26 50 84 11 42 71 60 26 37 50 47 20 89 37 36 19 44 94 39 58 20 19 50 62 68 26 20 51 82 89 54 93 45 80 44 84 30 67 94 49 60 25 58 92 32 79 95 78 50 36 77 31 64 27 62 62 80 48 69 93 38 49 86 46 26 15 81 18 43 15 77 96 39 73 99 22 50 31 64 16 42 13 75 11 47 97 32 56 45 49 94 64 81 84 23 43 34 11 10 81 12 41 41 20 71 29 51 81 48 17 63 38 92 71 19 28 81 55 57 27 13 86 49 48 89 86 18 40 95 67 59 65 96 35 32 41 56 86 26 90 68 50 47 58 87 35 70 46 47 48 87 12 36 11 37 20 80 24 55 56 26 20 77 54 32 77 89 86 84 76 82 45 72 57 71 60 96 21 54 92 47 27 77 76 66 44 71 16 86 26 88 16 35 18 28 84 74
99 30 30 86 41 32 24 58 52 99 72 96 21 36 90 20 86 40 14 21 32 38 15 75 82 95 13 34 61 15 79 93 26 15 82 30 17 12 19 59 62 17 28 36 82 71 95 63 14 62 30 42 42 19 97 19 36 34 52 14 28 67 83 48 62 98 27 12 52 27 86 29 78 19 72 69 28 88 55 81 19 98 89 83 40 27 10 13 36 39 92 22 60 36 24 38 99 75 14 69 21 12 51 50 38 41 16 79 89 31 35 88 62 18 22 11 97 33 39 81 36 16 63 84 37 18 69 36 60 40 54 46 20 10 61 99 45 25 13 27 77 30 22 17 68 11 87 69 39 32 21 41 84 86 80 79 69 33 10 47 70 52 50 19 48 92 84 68 69 90 42 98 43 86 24 55 65 43 85 90 80 32 51 54 21 79 54 67 92 42 10 68 96 56 64 26 61 91 44 79

200
660 348 967 608 954 379 615 247 485 722 836 326 900 723 591 183 928 446 101 417 836 750 368 301 158 860 428 981 743 111 888 908 233 906 304 942 574 201 438 641 524 129 821 977 642 294 723 738 124 646 850 413 497 770 396 208 826 569 744 167 891 929 122 869 678 366 777 929 205 658 448 647 414 643 386 197 503 952 930 249 390 513 962 682 209 624 614 155 438 197 521 145 863 475 797 937 982 829 224 938 948 988 816 804 741 615 752 946 746 836 935 858 472 243 502 956 276 224 576 985 173 110 389 193 798 873 455 723 724 622 567 209 571 183 971 923 634 817 296 865 659 208 426 575 462 847 890 386 462 300 433 104 822 611 229 517 863 200 265 754 493 642 607 917 431 367 742 445 797 746 932 968 144 239 937 585 320 618 125 584 698 590 471 166 313 551 779 572 431 542 761 701 504 864 301 615 937 657 525 606
622 610 739 685 814 440 864 677 482 340 730 315 637 244 941 454 667 520 640 860 967 921 301 879 885 791 689 665 734 499 454 292 820 205 804 157 632 349 611 399 376 445 771 279 121 365 168 133 545 774 756 986 909 975 523 564 267 754 418 404 858 851 500 134 806 430 375 578 316 419 378 978 480 359 138 834 219 634 961 604 453 232 125 979 183 890 686 401 971 931 119 991 703 248 658 983 673 375 737 237 826 489 319 272 486 350 570 121 237 270 123 383 200 827 894 132 150 589 718 241 307 224 198 492 337 233 960 932 990 107 779 638 221 110 119 318 832 616 653 581 672 357 274 243 953 744 254 389 929 614 905 581 240 682 222 960 926 592 914 905 339 886 283 796 969 540 666 715 178 193 385 428 426 958 686 800 323 226 863 927 642 962 457 310 220 781 321 143 346 262 331 962 569 695 970 778 635 266 816 556

1000
357 126 626 509 766 422 741 210 101 313 327 959 835 228 257 547 962 844 219 308 535 580 996 289 192 851 596 906 653 926 810 768 540 386 835 963 553 346 872 219 117 377 482 635 177 301 880 813 308 181 201 612 637 246 945 966 426 454 755 337 818 501 882 421 110 508 689 907 241 138 780 307 632 957 467 296 842 466 170 710 658 658 677 435 523 218 338 607 540 871 692 752 972 816 937 953 474 467 364 415 283 386 872 796 997 621 442 602 712 513 589 142 559 764 403 644 197 662 442 210 674 929 951 409 794 126 256 824 982 833 989 646 136 714 115 972 511 652 748 837 416 515 146 222 368 339 554 796 707 859 506 990 888 322 639 963 389 754 413 741 561 932 301 117 629 120 749 658 415 413 441 942 660 404 765 297 393 649 304 426 157 751 305 316 743 418 112 964 359 500 209 818 111 438 801 299 445 270 198 801 286 405 923 767 189 165 958 691 361 618 149 506 449 737 264 900 362 751 137 345 370 456 288 401 185 395 412 687 824 805 783 228 515 641 697 421 649 618 336 343 898 854 998 197 726 481 896 767 877 537 668 499 628 887 854 337 419 145 505 535 953 448 905 745 271 515 115 265 386 531 687 371 171 612 763 567 825 441 916 669 378 307 942 671 722 889 224 363 656 123 191 499 994 133 714 955 194 721 808 582 622 598 919 318 690 429 762 954 114 145 615 330 431 601 152 131 836 975 291 535 664 267 300 706 747 475 184 717 882 155 286 560 909 614 113 310 563 991 446 791 492 895 468 647 337 269 128 695 272 567 356 936 738 489 504 295 642 773 855 210 739 226 315 530 566 147 239 128 932 228 196 240 612 210 862 376 989 177 494 521 570 450 752 177 917 908 259 858 143 269 924 727 253 643 984 737 938 788 266 946 602 555 937 615 331 499 172 221 512 692 872 255 366 591 899 962 645 409 812 432 621 549 226 818 427 868 574 234 350 705 427 435 107 282 538 349 687 874 148 768 481 285 699 737 991 289 727 456 458 326 470 126 583 240 687 875 301 346 505 247 833 776 284 100 430 743 214 500 217 958 477 406 913 973 100 599 389 414 266 832 309 611 288 958 869 984 814 801 473 358 692 168 125 534 995 212 435 556 201 845 208 421 182 439 531 764 816 791 240 143 826 929 649 199 356 623 584 151 295 820 375 549 507 149 291 840 528 523 883 802 460 933 951 697 355 275 347 391 867 783 660 684 320 388 670 823 992 355 877 926 537 169 518 649 344 936 851 570 468 466 597 127 681 259 935 352 129 750 324 923 882 779 832 349 822 400 190 898 557 101 295 985 758 465 802 459 176 683 645 984 940 288 822 194 555 158 555 210 533 766 310 439 956 592 131 571 807 362 757 710 543 873 717 666 633 467 535 298 613 125 494 730 752 198 349 915 501 423 559 793 450 554 146 907 922 345 205 945 815 489 527 992 921 785 718 342 791 260 814 617 202 187 800 756 871 765 143 825 753 808 119 218 418 285 412 293 866 108 968 993 896 537 187 202 172 698 937 653 300 217 621 990 754 674 479 128 123 399 230 119 566 132 562 826 922 394 455 569 426 571 378 456 305 727 785 529 692 680 299 625 139 804 159 491 176 136 346 191 727 129 536 800 215 289 739 938 290 322 342 595 541 956 197 182 205 686 441 629 447 316 656 687 156 775 572 122 763 965 362 436 750 421 652 248 945 431 632 867 172 352 619 681 405 128 515 910 257 672 430 262 107 970 139 469 504 323 580 886 891 300 587 198 139 303 739 159 550 268 114 817 509 433 209 802 741 574 933 860 366 334 450 186 499 674 736 368 739 240 890 351 368 957 493 530 458 915 432 114 703 505 473 983 294 956 772 353 772 965 233 738 712 784 404 312 515 666 395 877 210 882 964 188 278 199 616 668 401 817 732 703 621 555 498 486 357 353 316 296 555 742 661 861 161 269 316 349 534 875 793 842 503 263 522 847 328 925 271 736 925 355 223 770 225 272 180 634 666 929 527 886 850 401 811 367 336 592 358 593 273 877 114 632 314 625 861 307 324 389 108 421 745 870 262 612 800 275 322 546 640 803 176 899 335 722 668 641 545 557 122 936 636 143 601 305 384 795 875 778 448 123 709 717 180 731 946 678 876 940 415 875 216 345 938 416 787 400 455 829 879 319 989 953 579 253 710 526 563 456 461 127 503 760 572 768 904 355 799 243 840 222 871 614 192 469 955 997 512 496 999 593 658 715 645 800 803 652 645 128 888 567
687 657 511 495 618 471 620 631 457 578 246 613 574 458 637 715 714 681 670 769 728 456 924 727 889 437 114 468 517 360 826 337 411 969 378 154 155 949 543 288 701 374 531 469 217 886 454 477 782 122 133 793 540 586 948 440 585 323 778 321 650 276 769 915 741 902 275 176 961 495 258 149 820 736 693 445 229 325 700 874 505 611 453 607 768 892 965 707 642 437 799 908 914 119 749 888 204 635 108 936 179 815 281 262 693 825 379 811 907 729 413 879 771 733 791 332 702 329 393 242 358 974 484 654 631 923 117 278 143 402 183 774 274 459 646 222 606 194 849 353 387 286 153 757 492 813 876 430 373 319 247 843 183 590 809 947 722 710 700 389 568 121 809 802 802 269 355 648 196 940 311 219 194 226 600 780 249 466 942 325 235 223 154 944 643 287 824 726 244 601 473 431 604 504 677 236 465 255 141 207 351 161 491 346 856 550 261 652 854 643 757 961 674 702 144 536 332 669 590 998 212 688 592 820 402 188 263 261 540 102 125 482 851 703 810 655 943 905 942 981 249 713 856 886 635 938 614 323 906 173 355 607 115 663 806 529 577 361 220 798 167 708 815 830 501 517 597 759 280 796 220 286 200 489 297 916 807 759 517 790 844 304 536 412 485 233 488 110 349 347 786 633 281 933 810 847 912 119 883 251 691 991 351 574 369 933 707 278 878 201 677 644 625 647 353 753 386 790 145 635 774 592 103 323 136 319 621 466 173 147 987 696 206 945 225 867 963 816 973 158 794 146 567 481 749 136 847 682 555 593 527 974 483 466 437 762 907 424 678 464 550 417 545 195 268 745 570 179 217 734 791 673 582 239 582 336 111 216 422 905 963 129 957 738 232 112 379 622 751 258 299 676 162 210 637 867 851 876 310 687 429 661 500 136 600 665 844 986 496 999 345 672 480 266 971 821 701 854 513 390 747 455 740 825 974 927 177 124 628 214 591 709 100 280 829 351 160 621 594 941 592 887 428 461 863 461 369 961 669 444 945 296 648 928 774 117 749 954 320 321 325 160 168 219 579 583 339 756 874 606 714 524 405 117 904 556 870 672 549 495 497 619 628 245 500 415 265 437 584 266 598 303 915 103 110 951 359 880 516 966 518 215 925 413 922 760 723 785 213 101 632 257 652 681 396 829 361 380 711 316 977 145 464 114 560 953 618 422 997 258 435 280 274 633 855 812 549 490 919 698 775 147 961 600 937 520 352 249 368 306 550 925 786 554 613 849 830 735 893 141 157 250 197 724 715 452 378 475 549 643 778 606 146 459 949 793 709 867 504 207 309 365 980 609 228 405 649 207 182 182 637 475 829 365 339 255 169 578 344 563 158 729 458 536 349 350 324 639 893 902 916 984 751 190 268 439 281 189 251 746 482 775 894 483 997 106 785 749 440 851 411 675 577 659 525 773 212 541 472 613 800 427 953 713 371 395 991 353 586 443 212 920 947 397 327 668 652 850 739 834 985 126 717 180 978 809 816 131 549 715 961 750 705 898 423 210 456 128 110 959 494 896 887 973 311 147 179 563 207 744 900 756 217 493 829 170 751 363 288 731 632 239 265 698 554 826 471 115 522 682 386 174 378 123 974 341 920 922 520 517 514 163 407 711 288 291 726 269 239 865 155 732 983 726 946 655 901 616 614 210 534 348 290 319 551 132 311 577 282 608 632 985 832 701 151 205 275 588 870 602 368 561 570 437 723 991 746 361 939 488 552 217 308 884 739 727 729 995 169 627 338 273 883 868 763 413 498 267 297 646 550 262 763 411 647 516 230 932 518 441 739 759 713 225 953 658 305 870 321 909 139 932 150 247 934 692 142 793 625 608 906 817 308 108 780 290 212 691 178 812 646 883 343 290 848 539 769 983 811 582 564 346 880 546 234 734 128 526 875 634 363 280 390 843 358 324 138 289 249 808 691 553 527 432 638 670 570 188 216 386 975 927 597 928 585 160 904 196 456 557 129 728 505 833 540 836 158 143 914 961 609 766 920 747 870 656 672 723 177 214 690 120 586 378 834 110 500 380 148 840 128 662 597 649 341 691 478 450 173 573 526 357 904 122 798 579 283 664 493 417 235 527 333 682 674 313 186 387 740 536 680 424 509 700 308 548 713 478 982 628 859 617 468 602 785 796 744 511 252 567 813 961 402 383 509 314 738 380 364 823 521 985 122 622 861 359 328 209 652 401 965 662 453 791 838 694 452 802 303 672 721 853 824 202 882 648 720 702 846 328

1000
309 908 428 488 919 916 988 872 333 180 187 948 194 163 657 377 167 102 142 849 771 821 832 751 319 552 249 196 697 101 767 435 298 494 709 860 511 813 215 172 489 388 492 970 927 512 328 723 678 592 142 130 639 319 442 586 618 970 488 871 553 863 708 283 467 856 390 205 575 754 937 971 876 229 420 216 983 199 905 844 315 226 506 854 521 727 723 757 299 274 857 975 634 709 727 192 127 402 177 672 639 759 987 980 682 961 892 864 394 317 837 204 530 760 514 355 245 750 480 773 153 343 449 269 307 796 600 226 182 682 459 737 863 641 794 425 805 428 236 126 383 892 804 277 339 190 229 552 959 232 501 586 161 828 131 945 166 545 240 840 240 989 917 268 206 331 107 200 571 739 691 280 321 569 261 603 206 585 300 992 724 755 519 553 537 880 164 794 163 164 279 786 746 522 788 688 288 895 508 256 852 291 574 719 922 899 922 838 124 259 969 539 706 758 603 656 401 349 686 119 167 338 616 181 459 857 673 601 878 645 548 160 611 641 650 657 769 976 184 323 951 970 385 409 774 690 155 910 345 991 794 731 314 588 925 642 840 939 663 783 809 786 673 676 192 617 929 407 331 992 615 178 329 917 285 632 476 839 787 505 718 932 678 104 466 321 274 829 587 928 121 473 575 233 611 316 660 603 977 952 226 288 329 813 286 552 227 953 129 825 206 107 516 835 507 184 420 710 792 156 687 248 449 655 854 158 693 967 175 473 991 866 102 982 463 777 389 741 261 660 406 791 217 445 120 819 343 575 878 984 267 716 648 426 437 144 435 419 395 639 269 104 530 108 424 883 590 347 245 752 614 454 659 190 690 664 176 961 340 611 584 971 152 954 109 363 899 953 548 810 417 825 232 505 239 174 209 617 421 704 586 334 403 676 907 352 210 935 764 274 468 991 827 176 841 248 796 236 335 131 299 872 489 107 505 352 398 751 762 713 317 817 469 509 482 876 413 603 160 801 983 882 880 693 951 226 624 184 841 253 860 548 325 446 273 692 332 701 162 584 852 653 744 385 476 947 848 721 908 900 453 597 980 108 726 199 513 335 968 624 444 491 144 194 405 731 754 714 454 399 486 943 163 106 279 302 654 873 740 844 787 167 838 831 148 768 746 825 144 226 426 648 696 648 922 686 995 694 235 483 189 961 449 702 398 700 117 145 755 825 121 583 422 874 407 375 975 234 370 296 254 122 285 800 499 437 374 206 996 294 334 523 782 623 636 618 105 755 519 509 246 605 174 974 434 196 948 316 271 806 696 252 890 997 355 169 836 589 669 209 149 149 957 542 109 211 538 814 982 257 483 571 730 542 698 559 630 935 477 320 325 239 942 267 479 739 648 523 413 983 997 613 950 552 112 711 162 741 463 830 576 622 468 603 619 715 748 633 402 697 145 810 444 167 129 152 585 553 570 568 388 554 947 587 601 798 789 608 894 780 770 288 738 300 437 984 767 968 198 268 814 912 394 525 332 997 363 337 505 318 257 333 204 275 601 868 695 528 933 659 994 398 910 900 533 962 304 445 727 441 879 704 745 304 121 701 291 610 688 593 257 458 537 614 155 423 789 244 188 778 848 509 370 468 503 819 718 285 283 503 446 697 805 886 348 942 258 184 229 914 709 924 917 128 338 389 638 108 297 114 339 863 781 865 290 813 157 348 306 892 423 978 705 905 409 864 703 185 940 545 483 356 331 955 227 697 432 663 114 787 274 685 895 975 300 159 464 567 150 404 815 313 429 582 172 559 886 564 590 459 316 926 739 126 333 407 555 517 762 804 644 128 994 236 384 462 946 266 880 876 627 775 455 288 992 570 843 438 801 599 789 174 248 464 590 362 320 906 616 874 549 203 915 173 698 982 423 151 217 444 479 567 110 907 315 923 409 990 271 601 365 476 199 758 836 884 809 554 812 347 413 109 366 706 850 533 754 106 253 391 693 917 416 821 455 884 201 370 617 437 587 747 821 373 928 445 942 308 637 966 431 153 942 913 894 317 299 355 290 540 403 962 160 358 226 523 423 421 654 391 609 669 731 998 405 193 924 622 420 372 754 605 403 214 828 943 652 734 397 418 686 561 168 856 924 818 312 833 124 128 913 361 666 332 476 681 509 935 659 615 352 514 910 197 311 684 876 729 432 831 468 462 441 265 362 472 417 894 227 133 749 107 156 132 570 536 625 608 892 449 165 245 647 155 853 384 302 552 588 824 541 455 972 369 535 868 282 740 163 385
158 865 439 987 966 333 970 152 985 874 167 315 875 212 671 190 494 655 494 144 609 223 289 574 153 285 416 718 918 335 319 557 583 412 333 760 293 129 282 758 366 728 482 438 209 706 443 140 285 851 647 907 878 732 856 716 888 618 740 984 743 635 972 524 591 530 377 695 347 195 435 506 474 549 903 883 613 936 676 929 265 794 356 433 564 534 745 896 226 486 123 371 391 949 800 273 171 299 476 746 976 358 619 824 756 627 512 289 738 772 314 891 525 553 765 674 277 462 519 919 865 440 919 961 393 889 358 954 682 594 611 941 159 455 946 531 286 548 291 177 203 539 770 481 106 758 773 541 281 572 342 722 583 266 988 800 965 860 833 294 411 849 698 630 335 529 348 801 288 142 460 207 214 836 354 672 523 108 867 268 439 516 883 110 930 802 397 763 924 203 846 771 111 575 663 437 421 447 480 378 943 229 769 234 299 605 547 248 964 623 612 488 436 475 147 192 547 356 353 351 779 361 735 545 744 388 617 254 627 138 314 269 850 256 469 705 800 278 129 628 692 618 859 328 634 930 211 414 372 468 475 468 717 613 585 639 143 629 903 912 975 405 431 251 800 145 992 193 636 608 391 118 474 145 681 771 711 112 817 394 799 946 477 253 696 753 269 444 179 498 283 564 217 599 446 675 516 229 912 651 547 861 345 263 386 958 632 835 549 811 451 541 987 780 923 448 702 418 202 561 771 932 344 332 412 270 960 692 946 914 354 876 447 710 713 606 726 190 190 175 207 976 970 810 136 529 287 240 727 661 507 769 168 860 907 453 222 641 364 560 971 502 683 256 584 802 171 456 601 872 793 837 302 378 114 460 558 312 231 194 328 219 166 959 571 712 766 674 732 411 247 920 630 442 785 795 660 316 180 381 486 709 938 859 597 562 235 628 879 256 873 106 200 964 962 727 730 998 865 525 689 807 308 135 759 587 312 537 313 292 252 990 817 359 649 962 612 503 816 912 522 369 921 322 820 772 679 943 685 586 174 547 154 599 935 129 116 858 261 110 477 696 986 854 631 552 440 338 929 999 724 503 280 463 817 233 317 654 803 973 789 425 139 664 616 733 338 621 896 202 504 454 651 570 974 284 195 275 350 656 299 243 983 548 491 819 382 972 816 911 340 204 319 549 518 464 735 446 584 234 184 120 102 286 863 159 513 181 891 330 157 585 249 951 708 621 301 657 313 113 308 155 247 371 967 204 660 722 579 261 929 117 135 419 769 854 103 383 943 574 609 252 571 790 294 103 713 138 507 484 414 423 979 180 210 180 431 684 565 622 342 562 762 684 678 136 873 795 391 323 237 865 666 946 230 634 524 195 626 150 352 640 861 221 384 551 641 113 841 104 298 217 746 112 841 573 904 225 371 350 474 309 719 479 510 765 883 317 997 798 990 526 833 248 920 609 596 693 597 991 740 154 920 298 611 222 458 132 533 118 784 250 114 110 441 762 602 539 678 456 826 348 950 638 308 820 884 991 360 539 321 401 481 322 822 438 583 381 439 211 636 625 212 184 338 678 248 266 776 164 198 357 551 445 813 332 792 566 535 249 690 456 409 206 802 310 183 762 398 161 310 295 816 507 109 196 485 552 941 196 102 114 261 942 653 380 546 443 136 432 211 247 551 482 259 264 692 894 948 457 110 402 379 119 332 823 130 617 670 173 966 335 430 691 714 808 983 747 775 270 197 851 216 819 949 477 556 996 759 146 504 832 948 813 756 517 371 182 514 458 788 894 715 682 810 956 695 823 314 758 293 664 117 508 672 168 100 760 504 683 450 613 676 504 228 516 538 266 544 421 417 238 439 416 986 334 823 160 581 998 970 542 110 325 245 616 173 661 585 858 285 265 776 996 332 988 128 501 514 223 838 460 721 751 810 469 930 362 498 502 275 406 792 226 955 672 266 175 647 937 367 300 134 565 416 809 919 256 461 509 865 658 464 218 139 482 608 931 825 277 684 908 683 474 775 781 825 464 669 945 442 898 940 916 464 381 456 539 717 239 668 498 691 748 114 876 981 336 845 452 403 159 433 217 980 757 990 394 515 765 805 781 405 688 214 255 651 605 116 836 186 118 437 833 346 862 382 734 956 416 439 604 688 575 643 256 222 748 948 954 566 124 729 696 808 119 791 896 821 272 322 149 781 905 836 947 692 415 281 718 860 223 371 855 911 167 876 508 992 538 659 754 903 589 469 612 111 550 349 526 971 731 104 612 885 501 929 806 578 985
