8

1000
12090 1302 14322 10725 4650 2310 1302 10075 10075 3875 8525 5425 2604 875 5425 462 210 10230 13020 14300 2730 910 13299 7700 2275 66 3900 5642 10010 4550 8866 9625 15190 15015 10010 8866 4290 22 10500 2170 6825 13020 5250 4620 110 980 5390 15190 18228 4030 10725 1100 980 8463 9100 10010 2170 15015 4030 10010 130 10850 4557 350 7700 13650 2170 13650 19250 100 11550 10725 286 3185 12 16709 550 11935 260 930 8060 2015 3250 10850 13475 8866 455 14700 6825 8866 4650 11550 16926 11550 15190 250 10850 2695 651 10230 294 350 1950 5390 4557 2730 10850 9555 3850 3300 310 11550 1375 10010 10725 124 1925 17050 210 10 195 2170 10010 6500 1050 4774 19500 5775 7350 3234 9100 1705 1950 19110 930 231 245 6510 35 3250 11375 7150 1650 16275 1540 6825 12090 13475 70 18228 14014 14300 7595 4030 5775 2548 2695 15015 1085 3255 3255 16926 15925 7350 2450 110 220 8060 19250 132 165 651 1750 15190 14105 1550 50 3850 7700 250 5005 13650 6045 12090 12012 98 5005 6825 715 11550 12250 13020 210 65 8085 8060 5250 2002 10010 5425 70 9100 5500 12740 17732 5005 1925 3575 8085 4650 770 390 15190 9100 12012 10075 15190 4340 4290 4774 10725 310 65 4340 13475 4550 4004 7700 3900 14105 10075 84 4900 16500 3255 16500 1470 2310 6045 14300 16275 770 1300 7700 8085 1050 9100 650 15190 7150 14014 12250 13650 715 19110 2450 5115 175 5425 16926 42 150 8085 10230 13475 11550 3255 105 2730 6045 15925 4030 10075 11284 5775 12250 12012 858 5425 14014 5642 3575 11550 2310 65 5390 15015 8060 2310 4774 140 700 1705 7700 4650 9548 65 10850 13650 15190 4650 3822 17050 12250 4004 7750 7350 9300 2310 5250 3850 35 1750 15015 13650 4650 10075 770 4004 10850 7150 10010 20 11935 7350 8085 10850 6510 13650 154 3575 7161 1430 14105 11550 10850 6045 8580 1705 1302 5775 6510 11935 16275 16926 735 910 7350 1820 13650 13299 525 14700 4550 660 14014 10010 6820 10075 6468 12090 21 1225 16275 5425 8866 6006 546 4004 1820 15 2387 660 715 13475 5425 10230 3900 455 910 9750 8085 5460 350 4290 16275 9114 7150 700 770 105 4290 2325 1750 6468 8580 19747 10850 14322 150 875 70 10725 3300 4550 1001 1050 4650 420 1925 6006 2170 9300 1612 286 875 6510 13650 11284 10780 13650 18228 650 6510 16275 5460 4092 330 6510 10850 10780 16926 3003 15925 6825 9548 10725 10075 14322 650 35 10075 25 16926 8060 910 6468 4774 25 4550 4340 4030 1092 15190 4290 13650 10230 19500 4340 385 1470 4550 10075 14322 154 11935 3575 10010 10010 975 5390 1950 11375 10850 10230 3300 13650 16275 7700 18375 9555 11935 2604 2730 10850 1430 1365 10850 7150 10010 5005 13020 1365 385 15 3185 5460 130 6045 2100 7750 6045 1100 2170 30 2310 12250 1705 10780 210 147 5642 2730 11284 770 2145 8866 9300 650 3300 3255 1650 3100 4290 4650 9300 5425 10075 294 1650 300 16170 5390 13020 7150 17732 11935 910 175 5775 10230 14105 11935 637 2275 16926 4290 2450 10725 330 10010 155 13475 462 11935 806 1085 13650 17050 5642 2310 1155 2002 19110 420 13020 10010 15015 10010 4290 7595 1950 11935 12740 3255 6510 5642 10850 16170 7595 66 2625 6510 10850 770 3255 2730 4550 350 1540 16275 4340 11550 588 3410 2860 3850 11550 14105 250 8060 3300 70 1625 17732 14322 14105 10010 910 10230 12250 22 210 1860 2310 16275 16170 11935 110 10010 6468 14322 975 3575 9548 858 2100 15190 16709 8060 14105 11550 12090 3500 19747 9555 70 2821 930 124 1365 16170 650 11550 14105 13020 310 910 2625 910 16170 4290 25 1550 6370 2100 3850 12090 455 13650 13299 13650 35 16275 2730 15190 2002 1430 4650 14322 4774 12090 3850 175 5460 1085 13650 4550 1050 15190 1430 110 4650 2275 15015 5250 4650 4557 6825 3575 15015 5460 15190 4340 9555 14105 2002 11550 12012 2170 735 3675 15190 10075 13650 385 5642 2418 8866 4900 4620 4550 14105 2940 6468 1365 10010 2170 14014 770 14300 16275 3234 16170 5775 10780 2310 525 3900 12090 7150 4030 770 9114 6045 4900 525 1540 3850 6510 4030 11375 4900 7595 4620 462 60 8580 420 260 4 2310 13020 210 2730 5005 15500 11550 770 455 11625 1092 15190 2170 10010 1650 140 4550 10780 6825 3255 105 5425 14300 6510 14105 2750 15015 6006 1050 6125 3850 9100 3575 12012 4004 5460 6045 12740 8866 16926 1430 17875 130 1050 6510 140 10725 9548 4290 4550 15015 2860 12740 9555 770 13650 770 7150 390 6825 130 10230 6825 5775 273 10500 6825 10850 5005 210 1155 11550 9555 10850 1050 14700 4550 16170 620 4836 9750 14322 390 217 10500 130 825 13475 6006 2730 9625 4030 8250 1540 14322 455 91 6125 3234 6820 7150 11935 1716 11550 5425 770 5250 13650 30 3850 7750 6468 2170 6820 3850 7700 7700 1100 15190 16275 10010 110 110 17050 15015 10850 12090 660 10075 11550 15190 10850 6510 1085 155 175 3100 110 12090 14322 3850 390 1078 525 16275 19747 11284 14105 6510 10230 455 140 770 350 780 3822 7150 6825 11550 19110 6510 4550 980 4004 20 19747 1078 420 15015 1225 770 2730 154 1650 2730 930 25 4650 10075 13650 6370 5005 5390 10 350 5642 546 13650 4030 330 5005 14322 1364 210 16500 5005 2015 330 7700 2860 14322 25 13650 245 9100 3255 25 19747 17050 100 16170 15015 2625 13650 6510 3850 14322 8085 4550 3100 434 10010 14105 5005 3300 770 13650 9625 2860 5500 2310 980 910 16500 17050 650 4557 1085 6510 19747 7350 3850 5642 4774 6510 300 5390 3185 10010 

1000
7475 5586 4830 4620 1650 2508 4180 966 5225 1820 4290 2622 5700 7084 6118 7150 4370 4004 6118 9660 6118 8645 2730 8970 1995 1470 9614 8151 5005 1430 8740 8050 8970 8740 5060 7980 3850 4389 1950 8085 6175 3850 8740 4186 4370 5681 8970 2100 7700 4550 6270 2860 2002 6270 5313 8970 9555 6118 6006 5005 4830 6900 2310 4620 4550 4900 2470 1925 8778 4180 3990 6650 3990 8580 2470 8580 6650 1995 8970 2310 6175 6468 2695 1540 5187 3450 5980 8645 6900 2002 1254 4830 2450 2530 8740 3220 3542 4900 2730 2964 9310 2415 8970 2730 5390 660 3850 6650 4620 6118 7410 5005 5434 8580 5460 4940 5460 2730 3450 8085 5244 5980 5005 6370 1995 6916 6006 2730 5390 5005 9100 858 2090 5700 910 6279 1380 4940 4186 9660 9555 8970 7150 6270 6175 7315 4830 7084 8645 980 7084 6825 3990 5586 6175 5313 8580 6006 6916 5390 9310 2093 9614 5313 1470 5390 7084 8970 2548 3705 6270 8855 2860 3850 6825 8970 6650 660 6555 6270 5460 8855 2310 6370 1725 4186 3990 4180 5460 4186 4370 5775 7084 8855 2310 5060 3220 6118 9614 1650 1610 4830 2990 3990 8372 9100 9177 4508 5635 3381 7150 8645 7315 2940 3234 8645 462 5434 910 9177 6118 2990 9660 462 575 1950 3990 7700 4620 8740 3990 7980 4290 7410 6762 6370 5390 6006 1650 4180 4830 6175 8050 6762 2926 5390 5681 4180 4004 9177 6118 4186 8855 6370 4004 2090 5390 2145 2730 7590 5775 1155 1092 1610 2100 1470 9100 5313 3990 9660 5980 9660 4186 6118 7590 5635 7644 3458 5390 2730 6006 8855 7700 5005 1748 8085 4550 3990 966 6370 7980 3036 588 6762 5460 3458 5852 910 4004 2695 9660 9660 5005 3542 4370 7315 5852 8050 570 6650 5005 6006 6916 8580 9614 2310 8372 7700 9975 4830 7315 8050 4830 6578 6916 9100 9660 8085 2695 8372 7315 7590 5225 8645 2990 2940 598 3588 5586 70 3588 8970 5244 6370 6118 6370 2300 1610 2310 2660 3458 1932 2470 8151 76 7315 2415 5187 3135 8050 5460 5775 6118 9310 2002 4485 2310 5681 4370 2100 6578 9310 3458 4004 3795 5390 4830 525 4186 2660 5586 1610 6555 9660 9614 4830 4830 5390 6650 8050 7410 9975 7475 8050 2002 7350 7980 1995 8645 5244 8050 8151 3724 6825 154 5852 5635 5434 5005 8372 7700 4940 7590 5980 1995 6118 7410 1950 8740 6270 3542 8778 6370 8645 9660 8050 5225 2730 5586 7700 7980 7590 5775 660 6270 7980 9975 4370 8050 7644 4004 7315 6270 2730 5313 4807 805 770 1862 4290 1950 6279 3900 2254 6270 1540 5060 5460 6279 6370 9660 2926 5460 8970 3822 8855 2730 6370 9614 9310 7700 1794 2310 6006 8970 7980 6762 6270 7315 3220 1820 2145 4186 3542 6006 6270 6270 5187 6900 7350 3542 8970 8050 910 8855 9555 1911 8855 3850 7315 5005 4550 7084 8855 6762 8085 4004 6900 5586 4508 7350 6270 588 4290 6006 3850 3990 6006 5681 6118 3381 6006 4550 4370 6555 5460 5700 4370 4186 5775 6650 3724 9177 2860 4186 3822 6175 5775 7590 4830 4940 8855 1380 1932 8645 7150 6270 6555 4620 3300 5005 7590 6279 2100 660 8645 8970 7700 7315 3900 8778 9975 2100 8645 8970 2530 8372 5852 4180 8740 2100 6006 6006 5005 9660 3850 6118 7410 294 4550 9614 6916 6006 4830 4830 1274 6825 8645 4620 8372 8740 6006 6370 5852 3675 5681 7315 5313 5187 7980 1012 4004 3724 4485 3850 2470 5635 5681 5434 6555 7644 8970 5434 6578 4900 9660 9555 3289 8645 5635 8778 1650 4370 5586 5434 8970 1820 5852 5681 5187 798 2730 8050 1932 9100 5005 2470 2730 2660 1050 6468 6900 130 4485 7980 9310 4370 9177 7980 4807 1470 8740 2100 3381 5390 2100 8372 7150 4620 8778 5187 7350 4830 8050 6006 3588 2090 5460 3220 4830 9660 7150 6270 1820 2964 1463 910 5775 5005 966 4830 7644 6279 550 3850 2622 1274 7084 7007 924 7084 5635 9177 2730 3135 2002 8778 5460 6270 3795 5586 8372 6916 5460 975 7410 3724 7700 8372 2310 7410 3325 3234 2310 5005 6118 8855 8778 8085 6270 4655 7350 9660 3059 4550 8580 4620 5980 8645 8645 1716 3990 6370 2470 3300 6825 1311 8645 7590 7315 6118 7980 9975 6916 6825 5700 2470 9100 5434 3542 5313 5187 3381 8372 9660 7350 6279 9100 2730 2310 3542 7475 6118 5313 6555 3724 5005 6270 5244 8740 7700 9177 2530 4830 6762 7980 6118 5460 9177 6118 2415 2415 2310 1610 4830 5460 4186 2415 6270 5980 6370 7980 5460 6118 4180 7315 8085 5681 5852 5060 9867 8778 8970 2926 9177 6650 8855 4004 8970 2730 6900 8372 8778 2310 700 7315 4389 3220 5852 2660 5060 6762 7350 4370 8580 210 8645 9975 8740 5700 5586 6118 1596 2090 5460 5060 5852 5852 7980 5390 2695 2926 3185 9614 7590 8645 6370 4620 6006 9660 825 539 8050 7475 6578 3850 7700 2310 8970 8778 8645 966 6118 5635 1330 7150 1470 6555 7410 4370 8970 5852 5586 8372 5187 3795 5586 4830 770 6006 5390 1862 6006 1274 4550 6762 3542 2926 7980 8855 2940 3575 3220 4180 690 6006 6325 5635 6006 1100 9660 5460 3724 6370 3450 9310 4807 7644 5244 7590 2310 6762 5700 5434 5775 5586 1430 6578 3300 2926 2850 8778 3850 5434 9660 8050 6118 7410 6325 770 5460 6370 7700 5390 5313 3675 2002 9177 4186 4485 1794 7410 5635 6370 3300 5775 7644 4025 4004 7350 6118 5005 6825 4550 5313 7150 6006 4180 4900 4485 7150 1748 8970 7410 5681 490 1470 7590 4370 4940 9100 1900 1365 4180 7700 6650 2450 3036 3185 4830 3458 8970 7084 6118 1820 5700 3542 7980 5980 2622 5005 3822 2002 8645 2730 8372 8050 7980 2100 2310 

1000
195 180 180 180 228 108 156 285 228 273 285 210 210 234 100 182 270 210 100 228 228 120 195 225 252 156 180 180 252 260 228 270 195 228 210 273 171 225 252 270 162 180 285 210 195 168 150 150 180 252 180 247 252 252 180 228 270 210 270 252 195 228 228 228 234 140 195 180 195 216 273 162 171 252 195 234 180 75 182 252 228 180 252 234 285 270 210 100 285 195 150 126 266 210 210 228 216 234 252 195 260 171 225 270 195 285 108 126 270 228 252 120 270 216 228 190 210 270 260 228 252 228 260 189 195 285 270 195 225 247 180 190 210 234 182 270 280 228 228 225 180 260 270 225 247 234 114 171 72 190 195 180 180 150 180 210 228 260 156 150 190 114 168 195 273 210 234 150 156 234 190 285 252 280 210 150 270 175 270 285 171 270 175 225 171 270 260 180 234 150 270 252 210 225 228 216 234 252 140 180 234 260 210 126 228 60 234 156 260 260 225 252 171 260 210 190 156 189 252 180 180 162 260 171 120 270 210 252 210 189 210 234 114 168 114 195 210 228 247 216 216 225 285 78 120 285 252 216 270 150 252 190 270 260 189 273 210 175 228 180 114 171 260 200 180 195 266 150 216 171 195 130 180 270 195 285 228 285 195 190 228 252 234 210 130 210 228 156 100 285 180 234 171 285 270 100 210 171 270 210 216 210 260 228 210 266 210 150 171 252 273 285 260 273 270 260 210 234 210 180 273 175 234 273 280 270 273 190 189 270 190 175 156 114 180 228 180 273 180 162 270 228 195 273 234 195 285 252 234 171 180 234 108 180 210 190 216 266 126 210 171 195 195 210 260 156 260 260 228 234 150 270 180 228 260 266 180 234 171 195 225 228 210 234 200 180 270 270 273 189 228 195 228 260 156 195 225 190 252 105 252 180 247 234 285 252 247 108 270 126 270 234 182 252 72 171 210 228 156 150 252 140 210 270 171 189 180 130 168 285 228 190 210 120 270 234 252 189 216 168 225 260 156 189 280 260 195 225 260 156 150 195 260 228 180 228 270 171 234 228 260 260 210 210 270 190 228 247 252 182 210 252 180 266 252 228 228 234 234 210 195 234 180 140 210 210 252 252 285 252 228 175 171 270 216 156 247 234 228 171 156 228 180 270 171 234 228 228 171 156 225 216 171 252 273 60 266 252 182 171 195 273 270 156 270 216 280 156 228 210 285 280 210 100 228 171 273 270 270 190 189 225 225 180 270 90 228 260 156 270 190 189 210 189 270 195 252 270 234 266 270 252 180 180 234 162 252 225 195 280 228 210 210 285 270 108 234 114 210 156 273 104 260 266 285 234 195 189 234 210 260 216 285 285 228 78 195 234 210 252 228 225 171 270 270 270 234 171 190 260 90 182 190 247 252 180 195 182 270 270 270 273 280 252 180 228 180 260 189 210 234 180 120 210 273 228 252 228 252 72 168 180 108 180 156 120 120 156 72 260 150 260 171 270 150 252 270 228 260 273 210 234 100 225 285 266 273 195 156 234 270 234 252 234 225 260 234 180 114 234 150 234 182 228 156 190 210 189 228 210 252 108 252 225 234 260 175 180 182 225 156 140 150 234 228 252 156 260 171 234 234 156 216 210 285 228 210 234 260 108 162 156 216 228 114 162 120 285 180 285 228 216 195 180 190 228 190 285 180 252 234 234 195 216 150 252 228 150 225 247 162 216 140 210 270 195 180 210 234 270 266 234 180 285 135 273 234 228 210 270 117 171 180 150 260 270 195 104 216 114 180 252 210 171 120 273 260 273 162 252 270 280 171 189 210 270 228 285 234 175 228 270 270 252 228 234 270 270 234 70 190 228 210 285 252 260 180 260 195 195 210 228 171 130 190 234 260 234 168 228 210 210 150 228 180 195 228 150 200 270 285 114 190 108 270 156 180 234 210 210 252 180 162 150 168 228 252 210 180 114 180 225 260 190 252 270 270 252 210 252 210 247 228 216 175 171 270 114 180 90 150 120 156 260 150 195 285 156 234 285 210 180 228 105 108 171 210 195 210 225 210 228 84 285 252 210 252 180 234 180 156 120 228 117 228 228 210 182 228 150 252 216 270 210 266 270 234 180 234 252 90 150 180 270 252 234 180 210 180 171 270 252 180 156 171 247 180 252 216 228 234 156 126 285 252 180 225 171 104 180 228 225 252 210 180 252 120 195 180 126 260 273 195 260 247 228 171 210 189 260 195 252 180 234 210 252 195 260 120 252 210 228 114 266 108 228 182 168 228 270 

1000
36 44 33 44 55 33 46 42 42 44 35 33 52 44 39 36 39 42 30 33 52 33 33 42 55 22 42 46 36 36 42 42 44 36 39 55 46 44 44 20 42 33 28 55 42 30 30 42 42 30 46 42 30 42 44 22 46 33 36 55 42 44 30 28 52 42 44 35 33 42 42 35 44 33 33 42 46 42 44 33 46 42 45 33 46 33 35 36 36 44 39 33 52 44 35 33 42 44 42 33 42 30 39 33 30 45 52 44 52 18 42 55 33 33 44 33 22 30 42 55 12 30 44 52 33 35 30 33 52 44 33 30 39 52 28 42 20 42 55 33 26 55 44 46 55 42 55 39 39 42 55 39 30 39 26 55 42 44 33 42 42 46 42 30 30 26 44 33 44 33 45 46 46 33 42 42 46 44 36 22 33 33 35 46 46 39 55 55 33 33 36 42 33 44 36 30 42 44 36 33 33 55 36 46 33 44 33 44 52 46 55 44 39 35 55 30 44 33 36 42 33 46 46 46 44 46 46 46 39 42 33 45 44 39 42 33 39 42 52 33 33 30 33 46 42 36 36 42 44 30 36 30 45 45 55 46 55 55 46 33 45 44 20 42 33 55 35 30 52 33 18 46 52 33 46 18 33 33 55 39 33 33 44 55 30 39 30 30 39 44 44 33 52 20 36 23 35 44 33 35 42 42 46 39 33 44 46 33 33 30 44 36 35 36 42 46 18 33 28 30 46 18 52 45 46 26 42 33 46 30 52 35 39 44 35 33 33 33 36 30 33 55 55 44 55 33 33 46 52 42 42 20 42 33 55 46 42 45 42 42 44 36 22 33 33 44 44 42 30 22 44 46 33 36 46 33 42 42 20 35 55 36 33 30 42 33 45 36 30 36 55 28 39 52 42 46 33 44 42 30 20 44 36 30 35 42 33 33 44 42 52 22 44 46 28 45 30 42 30 30 39 45 39 42 22 42 42 44 36 39 30 45 33 30 44 33 33 30 44 42 44 55 44 30 46 44 33 36 20 39 44 46 44 44 55 55 30 55 30 36 33 52 33 39 28 33 55 30 39 46 30 44 52 44 42 33 55 55 35 33 33 22 44 46 44 33 42 39 20 39 33 33 39 33 36 36 44 33 39 44 42 42 33 42 46 46 33 36 42 33 33 33 35 46 42 55 44 42 55 55 42 42 36 33 30 33 42 33 44 45 36 44 33 42 30 42 44 33 44 22 33 42 55 20 44 42 30 33 30 44 44 55 42 44 55 44 42 30 35 46 22 44 39 44 33 35 42 33 55 33 20 30 33 46 33 44 42 46 33 42 44 42 44 42 44 42 35 35 44 55 44 39 46 52 44 28 30 44 30 44 30 44 42 20 46 39 55 44 33 44 55 33 42 26 46 44 33 42 52 46 42 23 45 44 52 44 35 44 30 36 42 55 46 28 55 33 46 44 33 42 33 46 35 35 33 44 33 52 30 28 33 36 39 46 55 46 44 39 44 42 55 33 30 30 42 33 20 44 44 33 20 33 52 52 39 55 55 33 28 44 30 35 36 46 30 52 46 36 55 52 42 33 36 46 55 44 39 33 33 42 33 33 44 30 20 46 44 33 22 30 30 36 30 42 44 44 33 52 44 30 44 46 33 55 46 33 42 36 44 28 46 44 33 33 33 46 36 42 42 46 39 45 12 45 33 35 33 44 44 46 46 55 30 33 46 33 39 55 55 44 55 18 30 33 33 30 33 52 44 39 44 42 30 44 18 44 46 28 44 52 30 55 55 36 30 33 52 33 33 33 46 55 52 46 42 42 46 55 30 39 22 33 55 55 30 52 44 39 33 33 46 28 42 44 55 46 33 42 42 18 42 46 39 44 55 33 28 36 30 44 42 22 46 44 46 42 44 33 42 55 55 30 46 44 44 30 35 33 45 45 30 46 42 44 55 33 44 45 35 39 46 30 30 44 18 30 30 26 52 42 44 39 28 46 39 33 42 46 42 44 30 33 30 33 46 44 42 55 33 46 44 33 33 46 26 46 55 33 35 42 55 39 30 44 44 28 55 46 39 45 22 33 42 36 39 55 42 55 42 33 33 52 42 44 42 39 55 44 44 52 30 55 44 46 55 46 44 20 52 39 33 33 46 52 44 46 12 33 44 30 39 39 22 55 20 52 46 44 44 42 30 33 52 33 42 30 46 42 46 33 28 35 52 42 44 33 42 35 33 39 42 55 39 55 33 33 42 55 42 18 44 52 55 44 36 55 55 44 46 33 

1000
105 145 63 105 123 147 45 105 123 105 145 105 123 91 87 105 123 65 91 63 65 147 65 91 105 63 105 91 147 147 123 65 105 105 117 105 75 145 105 123 117 117 87 117 75 65 63 75 75 147 75 65 105 123 123 65 91 145 117 45 145 145 123 117 65 123 75 87 75 123 45 63 147 123 145 45 123 105 75 91 105 117 65 65 105 123 105 75 147 105 123 65 105 105 45 145 91 63 105 63 63 105 105 145 63 123 105 63 123 145 105 91 147 87 123 91 147 63 123 75 45 105 91 105 75 87 123 123 105 75 91 75 91 87 63 145 45 91 117 145 123 147 147 75 87 117 91 105 87 105 147 123 87 87 123 91 105 87 105 105 105 105 63 123 87 75 105 117 91 105 105 147 123 45 147 105 63 65 117 145 105 105 91 87 123 75 105 91 91 65 105 145 105 105 117 105 105 147 105 91 123 123 145 91 123 147 105 91 87 75 65 145 147 105 117 147 91 45 91 45 117 45 123 63 105 65 105 91 145 147 123 65 105 87 75 145 87 87 105 63 105 123 123 147 117 145 147 123 75 145 65 75 105 87 105 123 63 105 123 145 75 75 145 45 117 123 123 105 65 91 123 45 91 123 145 87 145 45 123 105 87 105 87 105 123 123 105 117 105 105 145 147 91 65 145 117 105 87 91 45 105 147 105 75 123 105 145 87 105 91 123 87 87 105 45 147 147 65 105 105 123 75 91 105 105 91 105 123 65 105 87 87 147 145 145 75 105 145 123 105 105 105 117 145 147 123 105 147 145 123 147 105 105 105 63 87 147 117 117 105 145 117 147 65 105 105 117 91 105 91 147 105 145 123 45 147 45 123 147 123 105 91 75 87 123 117 123 145 117 105 123 87 123 91 45 105 123 105 105 39 105 105 63 75 75 145 145 105 65 123 123 147 63 105 87 87 147 145 123 91 87 87 45 105 45 145 105 105 145 123 147 117 87 117 45 123 65 65 147 123 105 105 105 123 123 147 145 123 75 75 75 87 147 45 105 117 147 123 123 117 91 123 145 147 75 145 145 147 45 123 145 105 123 145 145 105 105 105 65 147 123 145 147 65 63 105 123 105 63 105 75 123 87 87 65 63 145 75 145 147 65 91 91 105 123 65 123 87 45 105 105 105 87 91 87 91 147 105 105 91 105 117 105 75 63 145 105 117 91 91 65 63 105 123 123 75 87 145 91 65 123 105 105 105 145 105 105 65 145 65 105 123 105 65 105 91 145 105 75 91 147 145 105 145 145 65 105 65 123 87 123 147 63 65 105 105 91 123 147 105 105 123 105 75 63 147 87 123 123 123 63 105 147 105 105 145 87 105 145 105 117 105 75 105 117 105 145 105 145 145 145 87 105 75 87 145 105 87 105 123 147 123 105 145 147 63 105 105 91 123 45 91 45 91 123 123 117 91 117 117 75 105 145 117 147 105 87 87 147 63 25 105 75 91 45 147 105 105 105 145 105 123 117 105 75 65 63 65 145 105 63 75 123 145 63 117 45 123 87 75 75 117 65 65 105 117 91 63 145 145 147 65 87 105 105 75 105 63 105 75 105 145 91 147 117 105 105 105 105 105 117 105 87 75 75 147 91 65 105 65 45 105 65 123 117 123 147 117 65 123 117 75 63 105 145 105 63 117 105 123 105 87 87 105 105 145 105 105 105 45 65 75 75 63 117 65 75 123 105 63 91 105 65 63 105 65 65 87 75 105 87 105 105 105 147 75 105 91 117 63 123 117 45 65 87 91 117 105 105 105 117 105 105 105 105 147 91 87 105 105 91 91 45 105 87 105 45 65 117 87 105 105 45 117 145 117 105 45 105 123 45 105 105 123 87 105 147 87 87 87 105 117 63 91 145 145 117 105 145 123 45 147 65 145 105 145 123 147 91 87 123 91 45 87 147 117 117 75 105 45 65 75 65 105 65 145 63 39 45 105 147 105 123 91 117 45 75 105 147 105 75 105 123 145 123 87 123 105 117 117 117 145 105 75 65 123 91 145 123 87 105 91 65 123 87 45 145 117 87 105 65 117 117 117 123 91 65 145 145 105 147 147 117 65 105 65 87 105 65 65 145 105 117 91 105 145 65 87 87 117 65 65 87 147 145 105 87 105 65 105 145 105 45 105 123 87 87 75 105 105 123 63 87 147 105 63 65 65 117 123 123 105 145 105 65 123 145 91 75 65 105 45 65 147 105 45 87 63 65 123 65 87 145 123 123 105 65 65 65 105 

1000
33 50 38 44 35 35 44 50 15 38 22 20 50 30 25 33 44 50 20 25 35 35 50 30 20 30 50 33 33 30 20 33 30 30 50 30 22 50 11 42 30 50 25 50 50 30 44 44 50 50 35 38 30 50 30 30 15 50 44 44 42 50 20 44 30 22 30 25 30 20 38 50 50 30 38 25 15 50 35 35 50 28 33 50 50 38 33 33 33 30 44 42 30 30 44 50 25 35 44 38 38 22 35 38 42 28 44 35 38 50 44 15 38 44 50 50 22 22 33 44 38 42 33 22 30 10 44 22 38 44 44 25 38 35 50 50 19 30 28 22 30 35 50 42 22 42 30 44 50 11 35 20 38 42 11 30 50 33 50 35 22 50 38 44 50 50 50 33 35 44 33 22 50 44 50 33 38 50 42 35 22 22 30 30 38 30 44 25 38 44 33 50 42 50 33 12 30 50 33 33 35 38 30 35 50 22 35 20 38 38 11 50 30 50 50 25 50 50 50 33 50 50 42 50 35 33 25 38 50 50 30 44 33 50 38 30 14 22 50 50 35 50 30 50 22 22 10 35 14 44 50 50 50 50 38 35 50 25 35 19 50 50 44 38 42 30 35 22 33 44 30 42 35 33 35 21 30 50 30 22 35 15 35 38 50 35 33 22 50 50 44 50 42 50 50 35 28 20 38 33 30 33 44 38 35 33 38 35 33 11 35 22 33 30 50 42 35 14 38 30 44 35 42 25 50 38 42 30 35 30 38 44 44 42 44 38 50 42 30 30 42 33 50 30 50 35 50 50 33 15 35 30 35 30 38 50 15 44 33 33 50 11 30 22 50 50 33 38 50 44 20 42 50 20 33 33 50 50 50 42 30 33 22 15 50 22 50 30 44 30 12 20 50 38 35 30 22 30 38 20 25 50 35 33 30 22 50 44 50 42 30 22 20 50 38 30 44 20 30 35 30 35 15 30 35 44 44 35 35 50 42 42 44 42 50 38 50 50 30 35 50 44 50 14 30 35 44 44 25 30 50 22 38 20 38 33 50 22 30 38 50 50 50 22 38 35 44 50 38 50 28 38 30 42 50 50 50 44 38 30 44 38 22 20 33 22 50 50 42 50 35 50 28 38 50 33 28 38 30 30 35 50 30 33 22 22 42 38 35 38 15 38 30 20 50 44 14 22 44 38 21 21 35 15 50 25 50 44 22 50 33 20 33 50 22 50 30 50 44 42 15 50 44 30 50 30 42 50 30 21 42 50 50 22 38 22 33 50 50 30 30 28 35 38 30 35 35 38 50 33 35 42 35 50 11 35 38 30 33 44 35 38 25 44 33 33 33 15 30 30 25 38 50 20 38 38 33 38 38 42 50 50 50 38 50 50 35 30 11 30 44 50 38 15 30 38 30 35 50 25 38 11 38 50 38 42 20 30 33 35 38 50 22 22 50 30 28 44 35 50 50 44 35 35 20 44 22 33 15 38 22 50 22 30 30 30 35 35 28 35 25 38 30 50 28 50 22 42 50 33 35 35 11 28 38 30 44 50 35 33 30 22 30 22 42 35 38 30 22 15 50 30 38 38 35 44 22 38 20 44 30 38 30 33 11 30 12 15 25 22 33 15 30 22 50 22 33 44 50 50 35 50 33 44 50 30 30 30 28 38 42 20 35 38 35 38 50 11 33 38 50 50 12 50 42 50 50 22 35 30 33 30 10 44 30 50 50 15 44 50 35 22 30 15 22 35 44 35 38 38 11 20 44 44 33 25 35 50 50 50 50 35 30 35 50 33 30 38 20 30 22 44 42 50 42 35 22 25 44 35 12 38 42 22 50 44 35 22 30 25 38 44 38 12 33 50 33 50 38 35 42 22 11 30 42 33 30 38 50 50 50 38 20 33 22 25 50 21 50 28 42 35 35 38 19 50 28 50 50 33 28 28 44 50 35 25 6 30 15 50 38 50 30 44 33 50 38 30 35 30 50 22 21 33 30 38 44 30 42 44 20 33 50 22 20 38 50 30 20 30 33 44 30 15 33 30 30 50 50 22 20 22 35 30 30 50 50 25 30 38 50 44 38 38 42 22 50 30 42 50 33 50 35 30 33 30 11 38 50 44 25 38 50 11 35 33 44 22 25 15 38 35 35 35 20 22 38 30 22 44 44 44 50 33 33 50 35 30 30 38 35 50 42 50 25 50 30 30 50 42 30 25 50 12 25 50 50 35 35 50 28 12 42 11 30 25 38 50 25 30 35 20 50 38 28 20 50 30 38 30 

1000
18 34 34 34 34 34 34 30 34 23 18 30 30 25 25 34 25 30 30 30 30 30 30 27 23 18 27 34 27 27 30 18 30 30 25 18 30 30 30 30 30 30 18 23 30 23 34 23 30 18 34 25 34 34 30 34 25 18 30 18 34 34 34 30 30 30 18 18 30 34 30 27 27 30 27 23 27 30 23 30 30 34 34 30 23 18 30 34 30 27 23 18 25 23 27 34 30 34 18 30 34 30 34 30 23 30 30 25 18 23 27 34 23 30 18 18 34 34 27 34 34 23 23 30 30 30 18 34 34 23 23 30 34 27 23 23 30 23 34 23 25 34 18 18 30 30 30 30 18 34 23 30 30 30 34 30 34 23 23 30 30 30 34 34 30 25 23 34 30 30 34 23 23 18 23 23 23 30 34 34 30 34 34 34 30 25 30 30 18 18 23 23 18 23 30 18 30 23 30 23 18 30 23 34 18 27 23 25 30 34 18 34 30 30 34 30 23 30 34 23 30 30 27 34 30 30 30 18 23 30 23 25 34 23 27 27 30 34 30 30 34 23 30 30 23 18 23 30 30 23 34 25 30 30 30 30 34 30 34 30 34 34 34 30 30 30 30 30 27 27 34 23 30 18 34 30 23 30 34 30 34 34 34 30 23 30 18 30 34 23 30 30 30 30 30 34 23 34 30 23 34 18 30 30 34 34 25 30 34 34 27 34 30 30 23 30 30 18 23 23 30 34 30 23 30 30 30 34 23 23 23 30 30 25 30 23 34 23 18 18 30 25 27 23 30 34 30 34 18 18 30 18 34 30 30 30 23 23 34 18 27 18 23 18 34 34 18 18 23 34 34 18 30 34 23 34 23 34 23 30 34 30 30 23 18 30 30 30 30 30 34 34 23 34 23 34 30 34 18 30 30 23 34 34 23 30 34 27 27 18 30 18 23 23 34 34 30 18 25 27 30 34 30 34 30 23 25 34 27 34 23 34 23 18 34 34 9 30 27 34 34 34 34 23 18 34 23 23 23 30 30 23 30 23 30 30 30 30 34 30 30 34 30 30 30 30 18 34 23 30 30 30 18 23 30 30 30 23 30 23 25 23 30 27 23 34 27 18 30 30 30 30 34 18 18 18 23 18 30 34 30 34 23 34 30 30 30 30 18 34 30 34 23 34 34 25 30 27 30 30 30 34 30 23 23 34 18 23 30 30 27 23 30 18 23 34 23 25 30 23 23 34 30 25 34 30 30 30 34 30 34 25 34 34 23 23 30 30 30 18 27 23 30 18 18 30 30 23 25 23 34 30 25 23 23 23 30 34 23 30 34 30 34 25 30 30 27 27 30 30 23 23 30 17 27 34 34 34 23 34 34 23 30 23 34 30 23 30 34 30 30 23 34 30 27 34 30 34 18 30 30 23 30 30 23 27 34 27 18 30 23 30 30 23 18 30 25 18 18 23 23 34 34 34 34 30 30 18 23 18 30 34 27 30 34 30 30 30 34 23 23 30 15 30 18 30 23 23 34 30 34 18 25 34 23 18 23 34 23 27 23 30 30 30 30 23 30 30 34 23 30 23 30 25 18 30 30 23 23 34 34 25 34 30 23 30 30 23 23 30 23 23 34 15 30 18 34 18 27 23 30 34 25 30 34 23 23 34 30 23 34 27 18 23 27 30 18 27 30 27 30 34 34 23 18 23 18 30 23 34 18 34 30 30 34 30 30 34 30 34 18 23 23 30 34 34 30 27 30 30 34 18 30 23 34 34 30 30 18 18 30 30 18 30 18 23 23 23 27 34 23 18 34 23 23 30 34 18 25 30 23 18 30 34 30 30 30 34 30 23 34 30 23 18 23 30 18 30 30 27 30 34 30 34 30 18 25 23 23 18 23 30 30 30 34 30 34 34 18 30 34 30 30 27 30 23 30 34 34 30 23 34 30 18 30 30 34 25 23 23 34 18 30 23 30 30 34 30 23 30 23 30 23 30 15 30 27 34 30 18 23 30 27 27 27 23 27 30 30 30 18 34 34 18 30 17 34 18 30 34 34 34 30 23 25 18 30 18 17 30 34 23 23 30 30 23 30 15 34 30 30 30 30 25 30 18 23 30 30 23 34 23 30 23 23 18 34 18 30 34 27 30 23 23 30 23 18 18 23 34 27 18 34 34 30 34 30 30 34 23 23 25 34 30 23 23 18 34 18 34 30 27 30 18 23 25 30 18 27 34 23 18 18 18 30 30 30 23 30 34 30 30 30 18 23 30 25 23 34 34 

1000
77 221 217 55 143 187 217 245 217 55 143 85 217 187 91 121 245 221 217 155 245 55 77 217 91 245 65 155 155 187 143 121 77 245 91 77 85 217 217 77 119 77 77 217 187 187 77 245 143 121 91 121 155 91 65 77 91 187 91 91 217 55 77 77 85 91 55 91 217 91 77 77 143 91 77 217 77 55 55 155 119 77 121 65 217 91 35 245 85 121 155 77 77 187 217 187 217 119 155 55 187 119 77 217 119 143 187 65 119 119 55 85 77 217 77 143 143 155 91 245 121 121 217 221 55 143 155 121 143 245 55 143 143 119 119 91 77 121 77 155 91 77 217 77 65 77 221 187 143 119 91 143 85 217 119 221 155 143 77 91 221 55 187 155 187 55 217 55 245 217 143 55 55 217 217 217 245 119 55 55 143 187 77 121 91 85 245 55 85 143 77 143 55 245 187 245 55 143 121 77 245 77 55 65 85 143 217 143 85 85 187 155 77 187 217 49 217 217 77 187 85 77 187 91 143 217 77 85 143 55 217 91 245 245 187 77 119 155 221 55 77 77 77 187 217 91 221 221 65 85 77 187 187 55 119 85 245 217 245 221 143 221 77 91 217 119 65 217 77 155 143 91 85 155 55 187 55 119 91 91 65 217 245 91 119 77 55 55 77 121 217 77 217 77 143 119 121 55 187 65 77 187 119 55 245 143 143 77 91 121 245 217 217 77 221 85 143 245 155 55 77 245 55 245 217 245 121 77 85 143 55 217 187 77 121 119 65 91 77 155 217 217 91 77 119 245 77 187 91 245 155 217 91 245 245 217 155 245 77 221 143 221 245 143 121 217 121 217 65 187 91 155 77 55 217 77 245 143 91 121 187 121 65 187 121 187 245 245 91 217 155 143 85 217 245 77 245 143 217 155 221 55 217 91 217 187 77 245 217 217 245 245 91 155 187 143 55 155 77 55 155 55 77 143 55 85 143 65 77 143 119 49 91 65 217 143 187 143 155 91 143 55 91 143 119 119 119 77 119 217 143 55 65 187 55 217 143 143 187 143 245 187 119 221 77 119 77 143 187 187 245 155 55 65 245 245 77 119 217 217 143 77 65 119 77 217 49 91 119 65 55 55 217 221 55 245 55 245 217 221 217 121 245 221 77 217 77 217 245 119 143 77 155 55 77 187 77 245 217 55 245 121 187 217 85 217 245 77 221 217 245 77 91 187 119 187 77 91 85 55 245 85 221 217 121 119 77 77 143 187 187 55 91 77 217 217 85 77 245 77 245 187 77 77 65 155 77 119 245 155 77 143 91 187 91 119 187 35 143 77 91 91 85 187 77 91 217 143 65 187 221 55 77 143 55 77 77 217 245 221 77 221 55 217 187 143 91 77 65 187 245 217 221 217 143 91 217 221 85 91 143 119 85 77 91 217 119 77 155 55 187 187 55 217 77 217 217 55 217 217 77 143 187 217 77 77 77 77 143 91 55 85 143 155 155 85 221 217 221 91 221 77 245 77 245 217 217 245 91 91 55 77 91 91 121 155 55 77 187 187 77 143 143 143 187 217 155 77 85 77 77 245 217 245 77 155 217 65 143 221 55 55 55 91 143 35 77 217 155 121 77 217 91 217 65 77 143 35 143 245 245 155 65 121 65 221 187 77 217 55 91 91 77 77 85 221 245 221 55 85 77 77 91 143 55 35 245 91 187 65 155 55 245 217 55 121 217 85 217 121 77 49 119 217 245 155 121 77 217 245 55 77 217 119 77 91 121 65 85 217 245 217 155 217 187 143 143 187 217 143 187 245 55 245 91 187 77 77 119 91 143 221 143 217 143 119 217 77 55 77 143 143 143 121 77 245 55 77 187 245 91 187 217 119 85 217 65 77 91 155 91 155 187 221 55 155 65 91 119 77 143 65 187 217 77 217 217 155 143 187 55 187 119 91 91 119 77 85 143 217 245 121 245 245 119 155 245 119 217 55 77 91 85 187 221 217 187 221 55 245 143 187 119 143 77 77 121 55 217 119 65 187 143 221 77 55 77 245 77 217 217 245 187 221 155 217 65 217 55 121 55 77 143 119 77 91 85 217 77 77 91 77 119 221 77 91 77 217 119 91 245 245 187 155 77 245 187 121 143 245 91 217 187 77 187 245 77 245 77 85 77 119 245 187 245 143 187 65 77 121 91 245 143 119 217 91 187 187 217 65 77 77 55 85 119 143 221 217 217 187 221 217 217 217 77 77 55 91 91 143 187 119 77 77 217 55 77 245 119 217 
