8

1000
9044 680 6650 3800 6800 17000 8500 14450 2380 8092 2800 11900 3400 9500 140 12920 2380 8500 5320 2584 10982 700 4046 2890 665 2800 3230 11560 380 14 3400 11560 16150 12920 3400 136 17000 4522 10982 2380 2584 7000 4760 14450 350 5950 16150 7000 4250 3800 40 1700 1190 280 1292 12920 1292 16150 14875 950 10982 68 2380 850 70 14875 16150 11900 70 190 16150 10115 9520 16150 5950 4750 1904 5168 646 700 8500 4760 680 6460 17000 11900 8500 1700 136 7000 140 5320 4250 14450 5950 380 9044 3400 3230 340 9044 12920 18088 68 11560 1900 85 136 8092 13300 9044 340 8092 1900 3800 1700 595 6460 20 38 760 3230 8092 340 17000 1700 11560 1400 1400 646 8075 6460 2660 6460 14450 11900 1700 11900 532 1900 1615 140 1190 3400 11900 2660 380 5950 4522 266 4760 5320 1900 14450 5780 680 4760 6460 1750 200 5950 11900 140 16150 4522 11900 1190 11900 12920 1292 11900 100 532 14875 50 40 1700 10982 6460 4250 2261 18088 100 16150 5950 3400 6460 1190 1190 2000 850 10640 646 280 16150 340 2380 13300 5780 6800 5320 578 3230 2660 12920 5780 1520 680 14450 4750 18088 1190 5320 250 1700 28 12920 700 1700 1400 1400 5780 16150 3230 340 11900 238 700 14450 13300 272 7225 1190 304 170 17000 136 19000 1700 76 1360 16150 280 340 1190 5950 850 11560 8092 2380 5780 12920 1400 9044 12920 5950 3230 13300 5950 16184 1700 8500 4760 680 10982 760 700 12920 11900 68 10115 1900 238 14450 2380 3400 11900 70 10115 10982 4760 4760 16150 12920 11305 11305 7600 12920 11900 1330 3800 1700 13300 12920 350 850 700 8500 2023 2 2890 680 8500 13300 8500 70 700 14450 4760 8500 4760 12920 18088 11900 1400 68 2380 12920 5491 11560 2380 6460 12920 1700 11900 3230 532 17000 5950 1190 16184 2380 14450 8092 16184 578 8075 6460 2584 3230 18088 6460 11560 12920 8500 1700 6460 3400 500 5320 12920 16150 6650 34 140 7225 11305 11560 1190 1400 950 5491 13300 850 11900 10982 10115 280 12920 8500 100 6460 380 11900 1292 16150 112 950 190 10640 5780 1330 6460 11900 2584 2975 1190 8092 3230 5780 5320 1292 14450 2380 11900 2261 5320 40 5168 4522 3400 5950 14450 16184 10982 12920 850 6460 2890 5950 8092 5780 12920 13300 1750 2312 1330 5950 2128 4250 9044 5950 1190 9520 280 2380 12920 18088 1330 16625 2380 2380 12920 9044 6460 16184 14450 2660 680 9044 1700 10115 4760 646 12920 850 2660 16150 4046 17000 170 1445 1156 6460 6460 6460 850 16150 5320 11560 700 4760 10115 16150 16184 18088 11900 3500 5950 12920 3500 2584 6460 4760 6460 2380 28 1292 350 11900 8500 19000 25 11560 3500 11900 6460 340 680 6460 11900 8075 3230 16150 190 13300 1900 950 1700 4760 680 2312 760 11900 19000 9500 190 16150 12920 12920 3230 56 950 2890 11900 10115 6650 5780 680 140 340 5950 680 16184 6460 700 476 578 1360 50 5950 1700 280 3400 4760 80 5780 5491 50 11560 11560 9044 3500 17000 8092 680 850 4760 3400 1445 2660 5780 12920 4250 1700 2312 9500 5 16150 1750 50 476 1700 6650 3500 9044 12920 12920 2261 5320 170 1700 2890 8075 100 6800 7000 6460 6650 1904 170 4046 340 12920 12920 9520 2584 6460 100 2380 12920 14450 3230 340 4760 323 16150 1700 6650 6460 5950 7000 5320 11560 850 10640 10115 170 11900 11900 9044 11900 1900 16150 646 10 14450 76 5950 6460 11560 4750 7225 17000 1700 7000 1190 380 3800 560 665 5780 1900 3230 9044 1700 6460 11900 28 11900 3800 2380 11900 238 680 5950 952 4760 3230 16150 10 8092 16150 3800 10982 3400 5780 4522 950 2975 16150 850 6800 13300 6460 16150 3800 13300 1064 13300 952 6460 4250 5950 9520 14450 950 18088 13300 11900 19 11560 11560 11560 665 646 119 4 476 18088 500 9044 16150 4250 6460 3230 6650 2380 4624 1190 6460 1700 578 560 34 34 5950 950 2890 12920 1400 12920 5780 18088 700 1400 2380 6460 2890 8092 1190 1700 4760 4624 11900 3400 1292 2380 3230 8075 6460 3400 4250 1190 476 532 14450 9044 2380 12920 6650 200 4250 11900 4760 6460 1190 5950 8 6460 8092 9044 11560 2660 8500 1615 11560 3230 11900 12920 380 50 16150 3400 560 952 1156 16150 2380 17000 4250 16184 1700 12920 76 16150 13300 13300 4760 760 3230 12920 1900 289 12920 100 11900 1190 8092 6460 1190 9520 1900 16184 4046 380 1700 38 475 50 10640 11900 12920 1700 850 13300 12920 100 100 4760 2660 10 12920 1330 7225 350 680 10115 2975 14450 25 5950 7600 13300 13300 760 10 4522 3400 5780 3400 13300 12920 3230 4760 11560 2800 6460 11900 12920 190 11305 16150 140 4624 340 4760 11900 2375 11900 16150 280 340 16 13300 2660 380 3230 5950 3800 2890 1190 8500 6460 7225 380 6460 700 2 12920 950 4760 10982 16184 5950 13300 170 3800 380 11900 4250 3400 1700 11305 1330 4760 1700 340 6460 17 2380 11900 2380 680 1156 380 9044 50 425 18088 140 8092 1190 13300 190 16150 2380 680 1700 11900 9500 13300 578 40 2380 1900 11900 4760 2890 12920 13300 12920 8500 20 11900 16150 595 11305 340 11900 9044 12920 700 6460 1615 665 10982 50 16150 68 578 950 16150 1900 280 11305 4760 12920 11900 2380 680 11900 100 11900 5780 18088 13300 476 50 6460 11900 10115 2975 1190 11900 16150 2380 8500 1700 3800 700 266 19000 350 5780 10982 380 11560 12920 16150 19000 11900 289 5320 3230 5780 4250 2800 1700 140 19000 950 9500 2380 4 11900 7600 190 9500 700 

1000
1258 442 2442 7548 5797 1326 2442 78 34 5772 2516 1054 8866 7548 3162 6851 4862 2886 2418 6358 6324 2108 4433 7514 6882 4862 6919 962 3774 2294 7514 1122 148 7548 1326 2046 2244 2652 6851 8959 2108 2516 4862 6358 6324 4884 4092 1147 6851 2442 1326 2652 858 4884 1209 9724 2431 3774 5772 442 2244 1612 7514 6358 2652 814 2652 2652 1326 3774 3468 806 4862 6919 1734 1326 814 8959 2431 6851 68 7514 2516 858 1156 3162 9724 1326 806 2886 2442 4862 7514 6851 7514 3441 1628 5291 6919 6882 2652 6358 3162 8866 1122 3162 3774 9537 962 1258 2418 858 814 3774 3468 1734 6358 2418 8177 7514 3468 1221 6324 6358 8959 6882 8177 4884 1122 4884 7293 6882 6358 4092 1612 4862 4862 3468 1221 2442 6919 8177 8959 6851 8866 5291 4588 444 2442 5797 3774 1258 2108 1924 5797 5291 7548 6358 3179 6324 2108 8177 9724 9724 6882 1054 3162 2516 6324 3162 6882 682 806 8177 7293 2652 2244 2108 962 9724 1156 8866 4092 8959 1326 3162 2652 1326 9724 7548 3774 2244 4433 4092 7293 1054 2652 4884 9724 1581 2244 7548 9724 3162 7514 8866 6851 6358 34 4588 6919 4884 1258 858 4862 3774 8177 2418 884 2046 4588 2244 403 1326 7514 9724 7548 2652 1054 4588 2886 7548 8177 7548 9537 5797 6851 1326 2442 6324 7514 6919 2294 3162 4836 3162 1258 1734 8959 2886 6358 4862 1326 5291 8959 5772 6919 4092 2516 2516 2294 2516 2108 2652 1326 39 4836 5291 1258 629 5772 8177 3774 1054 6919 2442 748 1628 9724 2108 8177 2431 663 7548 1221 3162 5772 4588 7514 1326 7548 12 4884 7293 2046 7293 4836 407 6324 6882 3468 3774 1887 3162 8866 6882 3774 7514 4884 8177 6324 8959 1734 6919 4092 5291 2046 3774 1612 1716 3774 1122 5291 5797 8177 5772 187 8177 1612 2516 7548 3162 1364 6358 442 4862 3468 8866 6324 2108 858 2652 5797 2244 442 6851 663 6882 1364 4862 2244 1122 2442 442 8959 8866 4588 1924 1612 4836 6324 6324 7293 8959 2108 2516 6358 1258 1221 814 9724 2108 6324 3774 3162 7514 2244 814 3162 7548 3162 5797 9724 1924 2442 442 4092 34 2652 3774 7514 1258 9537 4092 4836 2886 7514 1924 6851 7293 5291 4884 3162 7514 6882 2108 6851 5797 1156 6358 2244 2516 8866 4884 2244 6919 1716 1326 1122 3179 1147 5291 8866 6324 7548 1716 4588 4836 4884 7548 6324 748 9724 1122 1122 1326 2108 6324 2418 3162 1122 6919 748 7293 7514 3468 1147 2294 884 9724 1122 2046 1924 7514 2652 1887 6919 4836 6851 4588 8959 1122 6324 102 4862 6919 1258 9724 429 6851 5772 7548 6919 1887 1628 2046 6324 3162 8177 372 1887 1054 6324 1734 5797 4862 6851 4884 3774 429 7548 3774 8177 204 1326 7293 6324 572 7293 6851 2442 9724 1156 9724 9724 6919 1628 8866 6358 4862 6851 5797 7293 2652 2294 2244 962 7548 1716 7514 6324 4588 3468 8959 3468 442 3468 2244 4862 6851 1581 6851 6882 8959 2418 2516 222 2442 5772 6882 8177 7548 4836 682 2442 4884 884 4588 7548 3162 6324 6919 6882 7293 1258 3162 1054 6851 6919 5772 2244 6882 6882 7548 2652 1054 7548 6324 2418 1581 2652 6851 2652 1628 2886 6882 6919 6919 858 8177 1326 8866 1023 5797 9724 8866 4588 6882 2652 6358 7548 1326 6851 1258 4836 4588 2046 7293 962 1258 748 3774 6919 6358 1221 6882 2108 1734 1887 9724 3774 3162 4836 4884 4862 186 2516 204 7514 6324 2108 1122 629 4836 682 1054 4092 102 2244 1734 1221 2046 4836 6851 7514 4884 374 1612 4862 4884 3162 2886 6851 403 1734 1734 1716 6324 4884 3441 3774 6358 2442 7293 2442 5291 3162 2652 2442 2294 341 748 5797 8866 3441 4092 5772 2886 5772 2244 7548 3468 148 8177 1258 2244 4836 2886 2442 9537 6358 1716 1054 6851 2108 4862 858 1581 4862 2516 2244 2294 5772 1054 7548 9537 6324 1887 1734 6358 2442 4836 2886 5291 6851 1326 2244 4588 4862 3162 8866 1716 6919 6851 8177 4092 2108 1122 1734 7548 6358 9724 1326 9724 6324 2652 858 3162 6358 7293 37 1326 4862 374 2108 3468 2046 8866 7514 7548 9724 8177 578 4862 3774 4092 1581 1122 1258 6882 6324 5772 3162 3774 1628 3774 1209 1258 4884 2046 6851 8959 2108 3179 2418 748 2046 2046 9724 4092 5797 9537 7293 1023 7514 1628 884 6882 1443 6358 6919 1716 3774 5772 7548 3468 8959 2294 3162 1924 6919 3162 3774 341 1258 2886 1924 8177 6358 561 3774 1326 8959 6358 7548 4862 3774 5797 2652 4588 3774 1628 1122 8959 884 5291 7514 2442 3162 5797 6851 682 4092 2516 9537 12 1628 6324 1258 6919 2244 8177 2294 3468 2244 4836 3774 8866 8177 5797 3774 4588 132 4836 8177 1023 6324 6324 2108 4588 8959 3757 1326 6919 1122 1326 9724 884 3774 8177 6919 7514 7514 2108 7514 2886 7514 4836 9537 6324 884 7548 3162 1122 156 1122 1156 1734 1887 6324 9724 4588 5291 7548 5797 5797 5772 962 4884 578 5772 1258 2516 4836 6882 2442 4836 6882 2652 3162 3162 7293 7548 2244 4588 2294 8866 7548 7293 2244 4884 2886 3774 2516 4884 9724 6919 9724 6851 1924 2886 1054 884 6882 1581 4092 9724 7514 6324 8866 5797 1326 3162 3774 4092 4092 1023 3757 3774 6358 1326 629 8866 3162 867 1628 5291 9537 7548 2108 962 814 6882 1924 3774 4862 8959 6919 5797 5772 8866 102 5291 7514 9724 572 6324 6919 8866 5772 3774 372 1326 2294 6851 2294 7293 867 6358 6851 748 962 6882 5291 814 9724 4836 6882 9537 26 7514 5772 814 1258 8959 6919 7514 3179 7548 6882 

1000
230 198 253 198 270 180 242 210 210 276 165 180 230 231 231 154 230 198 264 210 252 242 216 210 180 252 276 264 198 154 252 231 184 276 252 138 210 230 220 276 231 253 270 210 168 230 165 198 231 252 253 297 180 180 180 165 216 280 165 108 264 198 210 230 252 253 165 132 276 276 210 198 242 154 180 207 276 140 276 168 264 230 180 28 161 253 72 165 220 154 180 198 276 154 72 154 230 210 231 253 270 270 184 253 220 252 161 276 220 198 230 120 252 198 198 132 242 132 210 180 264 252 210 276 121 264 252 198 180 276 264 264 165 253 276 198 180 120 220 270 198 154 252 220 264 154 276 198 264 161 216 276 84 231 242 154 180 231 140 140 264 198 198 252 60 270 207 252 154 297 110 253 276 230 242 276 138 168 115 264 220 120 220 120 198 180 231 132 276 207 161 198 198 231 207 132 252 253 276 180 253 252 242 180 297 207 252 138 72 132 161 184 198 72 252 252 154 42 210 180 252 154 276 198 276 165 132 90 253 264 198 252 90 276 276 252 252 264 242 210 138 154 168 168 252 276 252 231 253 270 180 252 276 198 230 60 220 276 276 231 184 276 276 180 198 132 242 220 60 276 198 210 90 276 220 230 252 220 210 276 252 198 276 180 154 210 276 230 264 276 253 231 198 180 276 168 180 165 252 198 230 210 242 220 252 276 242 165 207 252 165 230 276 180 231 207 140 154 253 132 297 198 165 120 270 132 198 230 252 165 220 198 165 189 252 138 270 180 184 180 242 132 220 220 198 220 132 180 132 276 252 207 198 168 220 132 276 138 230 264 180 230 252 270 138 161 297 198 280 180 276 252 210 132 184 165 154 264 276 180 276 264 231 252 207 168 210 120 252 132 210 220 198 252 264 242 180 252 154 180 207 165 276 210 264 220 252 198 198 276 276 252 198 252 264 270 253 276 242 280 252 165 126 154 242 198 231 252 126 207 165 207 198 99 252 165 220 198 276 154 210 132 210 165 180 210 242 180 154 231 154 270 180 220 154 198 252 126 84 231 210 198 165 18 198 132 270 264 210 180 132 198 253 90 165 253 276 220 264 252 253 154 264 165 126 252 184 297 242 252 165 270 270 264 264 198 220 66 198 138 252 168 230 189 154 198 280 198 180 154 230 270 189 253 276 253 161 220 297 207 165 264 230 220 276 210 198 231 198 220 242 230 165 72 231 231 168 253 198 165 220 198 276 252 264 252 180 242 210 252 252 264 264 276 90 154 220 120 132 165 138 154 276 165 180 210 161 230 220 161 180 198 184 231 180 220 252 132 132 165 264 198 180 184 132 154 276 220 276 276 168 276 252 165 154 280 198 264 220 280 210 220 180 242 231 184 207 276 120 252 198 161 264 276 180 184 253 276 276 210 210 165 230 207 154 242 252 264 184 198 180 198 276 210 180 138 264 264 210 154 264 297 154 168 276 132 180 207 220 198 252 198 198 108 132 264 165 126 180 252 220 231 154 168 210 180 231 161 242 154 198 276 210 230 165 168 242 231 242 198 280 220 252 198 154 264 198 132 216 276 198 264 276 276 252 165 220 161 154 165 210 231 231 198 132 207 132 230 297 210 154 231 154 252 242 252 264 132 276 264 276 198 252 252 264 168 276 231 120 220 231 270 207 165 242 198 220 220 198 28 198 120 84 154 165 264 276 180 276 253 210 132 207 252 220 210 242 280 165 132 220 220 264 198 180 168 198 120 231 230 230 231 276 231 220 264 210 253 180 198 297 276 198 108 264 198 210 132 276 276 276 105 270 242 230 90 72 297 207 154 180 120 264 180 184 180 220 168 108 154 161 207 126 264 198 220 165 230 231 252 72 264 198 276 297 72 276 270 242 276 198 231 210 216 242 72 132 210 280 198 154 264 84 276 198 276 180 161 161 220 126 264 198 230 126 132 220 231 264 161 180 120 198 180 180 198 252 264 242 264 120 198 252 165 220 216 198 276 276 132 161 264 231 264 168 276 231 276 198 198 110 66 198 132 180 264 154 253 264 168 231 230 198 198 210 231 207 165 154 253 276 138 242 210 264 276 198 198 252 180 198 242 165 280 198 140 276 264 276 230 210 168 198 154 264 276 252 165 120 264 198 184 242 231 138 210 242 161 132 220 168 231 154 230 230 231 207 198 220 120 138 154 120 297 220 120 253 252 189 276 154 230 120 242 230 264 242 220 36 184 264 252 180 138 132 180 253 207 242 252 132 242 252 72 154 210 252 252 276 210 

1000
56 40 56 32 43 40 40 56 42 42 48 56 36 40 40 48 40 30 43 56 36 56 56 43 42 42 40 48 42 30 36 56 30 42 56 56 48 56 48 48 40 42 42 35 40 56 56 35 40 42 42 56 32 56 42 56 56 43 56 43 35 56 42 40 30 36 56 42 30 42 48 48 56 48 42 42 56 40 35 36 36 40 56 48 30 42 56 56 42 56 40 56 48 30 42 40 56 48 56 40 56 56 56 48 48 43 56 42 40 42 48 32 45 40 56 35 43 40 42 30 40 56 56 42 35 42 56 30 56 43 40 42 40 48 43 42 48 42 56 48 48 30 36 40 49 42 42 56 30 35 30 48 48 42 40 35 40 42 43 48 40 42 56 42 42 48 48 40 48 40 42 30 49 36 48 56 43 36 40 42 36 56 30 40 56 56 48 40 43 56 42 56 30 30 30 42 36 30 56 30 43 49 32 42 40 36 43 48 36 42 30 48 36 40 42 36 36 48 56 40 48 56 48 56 32 48 32 40 42 43 48 36 56 43 42 48 43 56 30 30 42 42 42 56 40 42 40 56 42 43 56 42 56 48 49 56 36 42 40 36 56 30 43 42 40 48 35 56 48 56 48 40 42 48 40 30 43 48 48 32 56 56 56 56 30 40 43 48 48 56 48 36 49 56 48 30 36 48 56 42 32 56 35 43 43 56 40 48 40 30 40 36 48 36 40 48 56 30 48 40 40 42 35 42 40 48 48 40 56 56 36 40 40 36 56 42 56 43 45 30 30 48 36 40 48 30 48 42 30 40 56 42 42 42 56 30 36 56 30 56 40 42 48 48 56 48 48 56 40 49 42 42 56 30 48 48 42 42 30 42 36 40 56 56 36 56 42 48 56 32 40 42 56 56 42 35 56 40 42 32 36 40 30 48 36 36 48 48 42 35 43 48 48 43 48 36 48 56 43 48 56 48 30 42 42 42 42 30 30 49 40 42 40 43 45 56 48 56 56 42 56 32 48 42 48 56 30 36 35 48 48 30 43 48 48 56 56 56 56 42 40 43 48 40 42 42 36 35 48 42 56 43 43 40 40 43 48 42 30 36 36 30 48 48 56 30 42 36 30 56 36 32 42 35 36 56 30 48 56 43 56 56 30 30 48 42 40 48 40 43 43 48 56 56 56 35 42 36 48 56 42 43 56 48 40 48 56 35 56 48 30 43 43 56 48 48 36 56 48 36 42 43 56 35 48 48 40 40 36 35 42 48 56 56 30 32 43 43 48 40 56 48 56 32 42 56 48 32 56 56 30 48 48 56 56 56 43 56 48 56 40 56 42 43 48 42 42 48 35 30 42 56 43 40 36 36 48 42 43 48 32 43 43 36 36 24 48 48 42 30 30 42 40 48 42 36 48 56 30 48 40 48 30 48 42 56 36 48 42 42 40 56 45 40 40 48 48 56 42 43 42 42 56 48 42 43 56 56 30 35 56 43 48 43 49 43 40 40 43 48 48 56 56 40 40 56 48 48 42 40 48 36 42 56 42 30 56 30 42 56 36 42 40 35 42 43 56 40 56 42 42 48 48 48 56 48 48 48 42 48 43 56 42 36 30 56 35 30 56 56 56 36 56 43 42 42 40 43 42 42 48 56 30 43 56 35 36 48 56 43 48 42 56 48 42 30 48 56 32 56 42 48 42 42 43 48 32 56 42 56 30 56 36 56 56 48 48 30 56 56 40 30 42 42 42 30 42 56 49 48 40 48 42 40 49 42 56 40 48 56 48 42 35 40 42 40 56 43 56 48 43 36 30 56 35 56 40 42 56 30 42 56 56 30 48 36 43 56 40 42 30 40 56 56 48 42 48 48 42 42 40 56 48 36 56 36 43 42 56 40 36 48 40 48 40 42 48 56 56 43 30 56 56 32 35 40 32 35 43 56 43 48 56 40 56 30 48 36 56 56 42 43 48 42 30 56 48 56 48 56 48 42 30 35 35 56 48 42 43 56 42 42 48 30 36 48 32 42 56 42 36 48 36 30 36 43 36 30 40 48 56 40 40 42 56 48 30 56 48 43 56 48 40 35 56 48 36 36 48 30 40 42 36 35 48 40 32 30 40 36 42 42 30 40 48 35 48 56 32 56 32 40 35 56 48 42 32 32 36 48 42 56 56 48 40 56 35 35 42 43 40 56 56 36 42 43 48 40 40 42 40 36 35 42 30 43 56 42 42 30 40 36 40 36 30 48 42 43 56 42 36 48 48 35 42 56 40 40 56 40 

1000
132 60 132 121 84 87 132 110 36 140 116 132 90 116 116 87 60 116 132 77 99 140 116 87 77 44 132 87 77 84 36 145 145 66 126 87 116 116 116 84 77 110 60 140 110 116 132 145 132 140 132 132 87 116 99 90 132 60 77 87 77 84 126 132 145 87 116 110 132 116 116 132 121 116 90 90 77 110 99 121 66 105 84 132 145 36 132 87 110 110 87 116 84 132 110 87 87 70 132 110 116 87 110 126 99 132 84 87 116 87 84 132 140 84 116 132 84 126 126 99 105 121 66 87 116 84 116 90 77 121 90 116 145 126 105 121 132 132 126 60 99 132 126 132 132 66 87 60 99 84 110 121 132 145 87 84 84 60 132 110 121 105 87 90 87 145 132 99 145 87 60 140 116 87 116 132 132 105 116 99 90 132 145 132 99 99 110 132 90 105 116 110 70 132 116 110 121 116 132 99 110 87 145 132 126 126 110 116 87 90 105 116 90 116 77 87 132 145 99 140 87 110 105 126 110 145 60 132 84 145 60 121 132 126 110 90 110 126 105 90 99 110 145 87 132 132 105 110 60 126 140 132 90 132 132 126 87 42 90 87 87 116 116 116 105 145 87 90 36 140 145 90 132 110 126 145 77 77 60 145 116 84 36 110 110 132 121 105 77 90 132 84 126 99 126 145 126 140 87 132 132 132 140 90 126 132 145 110 60 140 132 90 132 90 77 140 90 84 87 126 87 145 126 87 132 126 132 60 60 90 132 132 140 84 87 116 116 110 116 140 110 99 66 140 77 116 140 116 140 126 126 121 110 126 132 116 60 132 116 116 84 110 116 110 116 132 132 110 84 132 99 66 121 132 121 110 132 90 36 87 126 140 132 132 132 77 132 99 87 77 110 87 87 84 87 77 132 84 60 116 132 84 87 132 99 87 121 140 87 116 84 77 126 121 99 132 90 116 87 105 132 77 87 110 132 145 132 99 105 126 132 84 132 132 132 87 77 99 116 110 132 132 132 58 116 105 116 116 90 116 132 116 145 126 90 110 60 87 145 87 132 116 126 84 110 87 116 90 87 60 110 116 66 132 60 77 99 116 145 132 87 99 132 116 116 116 84 87 126 45 105 105 77 87 87 87 116 87 90 87 84 110 116 87 77 140 87 132 116 84 132 87 84 126 140 87 110 87 126 99 110 87 140 87 116 84 116 145 87 132 77 116 110 116 132 110 87 116 99 116 132 84 140 126 99 110 90 126 105 116 145 132 110 116 87 132 110 132 132 110 87 84 116 116 77 105 121 116 110 116 105 140 99 116 116 145 87 84 87 90 132 126 132 87 140 84 90 110 87 126 84 110 116 99 99 105 132 87 77 77 105 87 132 116 87 132 105 87 110 110 90 77 116 90 90 99 90 77 132 90 84 87 99 116 90 87 110 60 116 132 105 116 126 90 140 99 132 60 132 77 90 132 132 116 60 60 87 99 116 60 87 60 116 116 116 87 145 132 87 36 87 90 87 121 87 145 84 140 126 87 60 60 145 84 132 60 116 90 126 105 121 116 132 126 132 121 77 132 132 116 87 132 77 116 60 132 87 90 116 90 132 121 90 116 116 87 145 126 116 140 99 145 121 105 99 126 116 87 132 110 132 99 116 105 84 132 116 132 132 87 84 87 87 132 99 116 99 116 121 58 87 87 140 58 84 90 116 90 126 132 140 132 84 116 77 145 116 77 77 110 132 110 110 84 66 132 145 90 121 116 145 140 116 140 126 126 90 105 105 132 60 116 110 87 77 87 110 87 126 132 132 121 116 77 145 77 90 87 110 116 99 110 105 132 132 132 126 132 145 87 145 84 126 77 132 116 90 99 145 110 121 36 105 132 87 110 116 110 87 77 110 77 132 126 87 87 87 110 132 105 77 132 116 77 132 90 132 84 126 140 140 132 87 145 110 90 105 116 132 87 110 132 99 116 126 132 84 140 60 126 87 140 110 84 110 110 132 84 132 105 77 87 145 132 66 87 87 84 132 116 87 132 77 132 87 116 140 87 90 121 87 87 116 84 116 60 116 77 116 132 145 36 60 77 87 105 132 66 99 90 36 132 110 105 87 105 121 140 66 105 116 126 116 116 90 116 132 110 132 145 84 116 105 105 77 77 77 99 110 132 126 87 132 132 132 84 87 132 84 77 87 132 126 132 60 77 90 110 105 60 87 140 58 110 140 145 132 110 110 116 90 121 132 110 87 90 116 87 58 110 132 110 66 132 99 110 90 87 87 110 

1000
45 45 51 33 39 51 22 51 39 33 51 51 33 34 54 51 51 51 52 34 22 26 33 39 39 34 44 33 22 51 33 45 44 30 54 51 44 33 33 34 34 34 51 45 18 45 33 33 45 33 54 36 52 36 52 39 45 51 51 30 33 51 54 54 36 54 52 33 30 51 34 34 30 18 39 36 33 45 51 22 34 33 51 22 45 44 11 12 51 33 52 39 52 36 34 51 20 30 33 39 54 22 45 54 33 33 51 30 33 45 22 34 34 51 33 36 51 33 34 51 45 30 52 54 45 51 33 36 51 51 30 33 18 34 52 33 22 33 54 54 30 18 20 6 51 51 39 44 39 36 33 30 36 33 34 44 39 39 39 54 33 54 51 30 54 54 36 45 52 45 36 34 22 51 54 45 52 33 36 45 30 39 22 33 33 33 34 22 44 36 36 45 36 36 51 22 30 51 30 22 39 18 39 27 36 51 51 22 33 54 33 45 39 51 33 44 34 51 52 33 51 36 39 36 30 45 51 36 51 54 54 39 54 30 36 51 6 33 54 44 51 5 33 33 39 33 30 54 34 33 54 34 33 30 51 54 33 33 51 34 54 36 34 44 52 45 27 33 34 30 45 34 51 34 36 36 45 45 27 52 52 34 51 22 54 30 54 30 34 30 51 30 33 39 54 54 26 36 51 30 44 26 33 22 51 54 26 27 26 51 45 33 51 51 51 51 45 39 30 51 33 54 27 22 54 34 36 33 44 52 34 51 34 51 51 54 36 51 39 33 54 45 51 45 34 26 12 22 33 33 44 52 30 30 26 30 45 45 39 54 45 51 30 33 36 34 36 30 33 51 52 39 30 44 33 33 54 34 51 45 39 34 33 33 39 22 36 33 51 52 33 34 36 33 51 54 36 51 33 51 36 30 54 45 33 33 36 30 51 44 51 34 44 34 51 36 45 51 45 33 34 45 44 33 36 33 54 18 22 34 20 54 51 39 26 44 51 33 34 36 51 12 34 22 51 18 45 51 30 51 33 30 33 54 39 51 34 30 26 51 44 33 34 33 36 36 33 54 51 51 36 33 45 10 33 33 36 18 22 30 51 39 34 44 51 51 33 36 26 51 36 30 36 39 39 34 34 54 33 51 30 51 30 33 44 26 33 34 22 45 33 27 45 52 33 52 52 51 39 33 33 36 54 52 39 30 34 33 51 26 54 33 54 52 51 44 33 33 45 51 44 12 54 33 39 34 34 36 39 33 54 39 34 33 51 54 45 18 33 39 34 33 33 27 22 45 33 44 26 52 30 33 45 33 44 51 51 45 22 36 54 36 39 34 12 45 51 45 26 45 34 51 18 39 20 20 44 51 45 33 51 22 33 30 33 51 34 51 51 30 51 18 44 33 33 54 30 26 44 30 54 51 51 54 34 30 30 12 45 30 27 22 39 45 44 33 34 51 45 51 51 51 54 51 30 54 54 33 33 39 30 51 17 54 33 33 39 33 22 39 33 33 34 51 54 36 45 54 34 51 36 33 45 33 30 52 30 44 39 44 30 33 33 39 34 39 44 51 30 54 54 33 33 39 18 30 22 39 34 22 36 54 36 39 51 27 30 22 45 30 54 51 45 33 44 33 11 44 39 33 51 44 51 54 51 51 33 33 18 22 33 33 51 45 22 34 33 51 51 54 33 33 33 51 30 33 22 22 22 33 51 51 18 34 33 39 51 36 33 30 34 51 51 45 18 20 34 51 33 51 39 51 30 33 51 22 34 45 54 34 54 39 44 54 54 44 22 33 34 30 51 39 52 45 33 51 34 44 45 54 34 34 34 54 33 36 9 39 51 30 51 33 18 33 51 30 33 45 36 45 52 44 51 34 30 54 51 39 30 39 33 30 30 33 30 39 33 39 33 51 44 22 54 51 44 44 52 36 51 45 52 44 33 51 45 30 34 51 51 44 34 51 51 33 44 33 44 54 51 36 54 51 26 36 51 33 33 33 51 39 22 30 33 45 51 34 51 51 39 27 33 51 39 51 33 33 39 45 22 51 39 27 39 30 54 39 33 34 51 51 30 51 36 54 33 45 51 34 39 34 45 26 54 33 33 54 33 34 22 44 33 54 54 34 51 22 51 18 36 34 33 45 34 34 45 51 30 33 22 54 51 44 30 51 51 44 18 39 44 51 34 33 51 33 54 22 30 34 51 54 39 22 45 18 26 30 51 33 51 30 51 22 54 45 33 39 45 33 34 34 22 26 39 54 22 33 52 39 18 44 

1000
30 21 30 27 30 26 26 26 27 18 23 33 28 23 36 36 36 34 23 34 36 21 33 21 34 34 28 30 23 21 34 36 36 22 30 33 30 23 23 26 33 36 23 36 33 34 28 36 21 30 36 22 23 34 21 26 33 34 26 26 22 26 22 33 27 36 30 26 33 27 28 21 36 33 30 23 27 26 30 35 36 27 34 33 23 27 23 22 33 33 36 33 26 30 26 26 26 26 36 33 27 34 21 22 21 28 36 26 30 34 33 30 36 33 36 34 21 26 36 23 36 36 33 34 33 26 35 28 30 34 34 26 27 30 36 34 27 30 30 26 26 36 34 21 21 28 36 36 36 36 33 36 36 27 33 26 35 36 36 30 33 22 18 21 28 26 34 33 27 26 28 22 30 36 30 34 30 23 36 26 33 36 21 34 26 27 21 30 33 28 26 34 21 22 36 27 33 26 34 27 36 26 30 28 21 36 33 36 28 23 23 33 27 23 33 28 23 36 36 36 33 27 36 36 26 35 36 30 34 21 30 22 23 21 36 34 34 20 23 34 30 22 23 30 34 20 36 30 26 30 21 33 22 33 36 36 36 27 36 28 34 33 26 34 34 21 34 30 36 33 33 34 18 26 34 36 23 36 27 36 21 22 28 27 36 30 33 23 34 26 30 21 34 36 33 22 36 23 21 33 26 21 33 28 33 27 30 33 26 33 33 23 23 30 36 28 33 36 21 34 34 34 36 27 33 33 34 23 35 23 36 26 21 34 28 36 34 28 27 23 22 21 36 33 26 22 36 23 34 26 34 26 26 23 30 30 23 34 26 35 28 30 34 26 18 23 36 36 27 33 23 30 30 26 23 33 34 20 35 23 30 27 34 30 26 36 26 21 26 21 27 33 34 21 26 21 36 21 30 23 34 28 35 18 21 36 35 26 26 35 22 26 27 36 35 33 22 34 23 30 33 27 22 36 30 30 26 36 20 27 36 22 23 26 23 36 30 21 26 36 26 30 36 36 35 33 34 36 21 36 34 22 34 27 21 28 34 26 26 28 34 26 30 34 26 27 21 22 30 27 22 34 36 30 30 36 33 33 33 30 30 28 30 30 33 26 23 26 26 36 23 33 33 22 30 30 23 33 26 33 30 34 30 36 26 36 36 30 26 22 34 33 33 26 36 36 27 26 22 36 36 36 26 33 33 36 28 36 22 23 35 21 30 36 33 36 34 33 22 35 34 30 34 36 26 35 33 36 23 26 26 27 21 30 36 26 36 30 30 30 26 36 30 34 30 26 26 28 26 30 34 30 36 26 30 21 23 26 36 33 36 21 34 36 23 26 21 27 30 30 36 33 30 27 34 23 36 26 33 34 28 33 23 26 36 21 18 21 21 30 36 26 36 21 26 34 23 36 26 26 27 26 36 21 36 36 26 34 33 36 33 34 33 35 30 36 36 36 26 27 33 30 30 26 30 22 36 36 21 27 36 30 23 34 21 27 30 34 30 27 30 33 22 33 36 36 34 26 36 30 23 21 36 34 30 36 36 33 26 26 36 33 26 23 23 34 33 30 21 36 23 36 23 21 22 30 30 30 30 23 30 30 36 34 30 27 21 34 26 33 34 30 21 30 28 21 26 22 36 23 30 36 30 20 30 34 36 21 27 27 26 36 21 23 21 36 34 30 36 36 33 23 23 33 33 33 26 34 27 22 35 23 30 36 36 30 34 21 21 36 26 20 36 33 36 26 30 26 36 30 33 30 30 22 21 28 36 30 34 33 22 36 22 21 23 23 21 21 34 36 28 30 30 28 26 33 34 36 36 34 36 23 36 23 22 36 22 22 34 28 33 36 21 34 36 21 36 36 21 34 33 28 36 21 21 36 36 30 26 36 27 22 28 34 34 34 35 36 34 33 30 21 36 34 36 34 26 34 36 30 34 27 36 33 36 35 30 23 30 30 22 30 33 21 28 33 27 36 33 23 36 26 23 36 26 18 36 33 21 36 23 36 34 30 30 21 33 26 34 33 30 30 23 21 21 33 28 21 30 22 26 26 23 33 28 30 30 30 27 34 34 26 30 33 22 26 34 33 33 33 27 33 33 34 30 36 34 34 30 21 21 23 27 33 27 30 35 21 36 35 30 26 21 21 30 34 33 33 27 35 28 30 33 36 23 33 27 36 30 30 33 35 26 36 34 23 30 34 33 27 30 21 36 21 34 21 36 36 35 34 34 22 36 30 23 22 30 26 21 36 36 18 23 34 33 14 28 33 34 30 

1000
306 306 175 180 270 210 180 255 170 255 255 306 306 238 306 289 306 300 306 306 204 252 238 255 180 255 270 306 306 306 306 252 306 255 306 255 238 170 255 289 255 306 306 210 300 270 252 170 324 252 306 289 180 180 306 252 270 238 170 306 252 306 306 180 170 306 306 306 170 170 270 180 170 255 306 255 225 270 238 204 210 140 210 180 204 306 306 238 238 255 255 306 289 170 315 270 270 204 238 255 315 170 315 238 306 255 225 180 170 289 238 210 189 270 270 252 210 238 238 270 170 255 306 170 252 255 255 306 204 225 170 180 306 170 306 255 306 306 238 180 315 306 315 306 306 255 270 255 255 300 255 315 270 270 255 255 315 289 180 255 306 306 189 255 255 255 255 210 306 238 252 170 204 300 189 210 238 210 306 255 306 306 270 270 255 255 255 289 238 255 306 255 255 255 170 135 300 300 126 255 324 238 324 170 306 204 238 306 170 170 170 255 210 270 315 306 306 306 255 306 300 170 306 289 238 170 270 238 255 252 204 270 306 170 238 252 270 255 170 306 252 270 300 210 238 140 324 170 255 315 324 270 170 315 210 306 210 255 238 180 255 170 306 255 324 289 255 170 255 204 170 204 210 315 289 255 306 255 180 204 180 255 255 315 170 225 306 255 289 270 204 255 306 306 204 204 204 270 306 252 306 180 306 210 289 289 252 306 238 306 204 252 140 204 204 324 252 255 180 238 210 255 306 306 300 255 204 270 315 255 306 270 252 306 315 300 204 306 210 170 204 210 306 180 300 204 270 255 225 255 306 210 306 238 306 204 255 140 270 255 204 170 306 306 204 210 315 175 270 306 270 306 225 289 306 289 238 170 170 324 210 306 210 306 255 238 210 306 140 315 255 170 255 315 306 324 255 189 238 306 306 315 170 306 170 255 126 306 252 289 289 238 289 238 170 306 255 204 306 255 170 306 270 180 204 255 180 180 252 238 306 270 306 126 180 180 306 204 255 204 204 306 180 306 306 306 289 270 255 255 306 252 306 210 210 255 180 306 289 270 252 315 225 252 306 255 180 180 238 225 255 306 306 306 270 306 306 306 315 238 306 270 270 315 225 170 210 210 210 140 324 270 306 225 270 315 315 180 210 255 255 306 306 225 306 180 255 180 170 306 255 180 306 270 289 306 210 170 140 255 255 170 210 238 252 180 306 306 225 289 238 170 238 238 170 170 315 238 180 315 255 252 204 238 306 270 170 204 238 238 255 225 252 189 210 255 175 315 210 315 255 238 270 289 204 306 238 270 306 306 270 180 306 238 255 255 210 315 255 255 306 189 306 180 306 306 306 170 315 170 289 324 270 289 306 189 255 255 324 204 270 306 252 238 204 306 289 238 210 255 180 255 324 306 306 270 255 306 255 300 315 238 252 306 306 306 306 255 270 306 289 255 238 306 306 306 255 180 306 289 306 270 306 289 289 204 140 270 289 270 170 289 306 289 238 170 306 300 170 175 270 324 270 252 270 306 306 255 170 306 170 204 315 210 255 270 204 270 238 306 306 170 289 306 306 289 238 238 289 180 170 289 170 210 300 270 180 204 306 300 306 210 255 204 255 270 270 204 204 238 306 255 255 204 289 255 255 306 238 300 315 210 306 225 238 306 170 170 306 170 210 255 306 255 255 210 315 270 289 255 306 255 170 238 306 255 315 255 255 252 238 289 306 289 306 170 306 255 210 252 180 238 306 306 306 289 306 255 306 238 180 289 289 270 204 306 170 252 255 306 306 300 180 204 270 306 289 255 204 180 252 255 306 306 252 170 252 210 289 238 270 306 306 204 175 180 315 306 270 289 225 238 306 255 306 306 204 306 306 170 306 306 306 252 270 255 170 270 306 238 238 255 270 270 252 180 306 238 255 252 255 306 210 270 170 238 306 255 324 300 180 252 170 175 289 204 210 255 255 204 180 306 255 270 170 306 255 170 306 306 238 255 306 238 175 270 255 255 270 270 306 238 204 180 210 175 210 210 306 252 252 306 170 270 204 238 306 255 252 270 315 189 306 238 210 306 306 170 140 300 170 255 306 289 306 204 162 306 252 170 270 180 210 210 270 306 238 255 252 150 300 238 180 238 306 180 170 225 180 255 180 255 225 300 300 255 210 315 306 238 204 289 255 324 255 270 180 306 289 306 255 289 210 306 210 306 180 306 210 289 255 306 270 238 170 306 289 306 315 315 255 255 306 289 255 270 238 170 306 162 238 252 255 270 189 255 255 306 300 180 
