8

1000
1653 17765 4845 9690 14630 2261 13566 19285 30 10353 3451 323 57 11305 12274 2030 2958 1015 1254 9690 85 7315 2527 1914 133 1914 2261 58 11571 12635 3190 6902 19285 5610 11165 7315 8265 11 17765 9367 18183 12274 1805 133 5510 3570 1938 19855 17255 3135 5510 638 7106 2527 551 18411 1995 2030 638 3857 17765 4522 3306 2755 6061 435 12635 13566 77 17765 15162 14630 6061 1254 7854 11571 4845 4785 3857 510 2090 1309 11913 1155 6137 6783 5054 1595 209 4785 4522 8265 6545 1254 285 8265 722 4930 1785 12122 2926 110 3306 3570 3230 10846 95 2755 12122 7714 2755 22 11913 385 16269 6061 4930 133 8265 5415 7581 957 4389 6783 190 2926 1122 406 174 3306 1938 13566 3610 2261 10659 7315 12122 6061 7395 7395 17765 2166 15162 10659 13090 6783 6902 15 3927 7942 6061 7315 70 18734 9570 6270 1805 16530 8265 9690 6090 9570 6783 6137 5415 1914 4845 3990 4466 3045 357 14 11165 87 6783 17255 10659 2755 14630 7714 1615 3135 1805 1102 7854 19285 8265 10469 1330 4522 10469 9367 1805 51 16269 11165 969 11571 7315 969 1995 11913 17255 285 5610 570 85 17765 8778 12122 1015 11913 722 2090 11571 10469 105 19 3990 7315 1615 14630 154 11571 18734 2310 255 255 1254 4522 3857 7581 2958 13090 1653 7106 5054 7106 986 17765 16530 12122 510 13398 3857 12274 9570 4930 12274 323 2618 1218 3990 77 87 406 646 5423 969 1995 323 6137 19635 18734 7395 595 209 665 35 19285 8778 18411 1938 13090 665 2755 2233 18411 4466 2233 1995 1463 609 2310 8265 770 19855 8778 7106 18411 6783 1330 6137 8265 1122 190 110 4522 6137 1330 319 2233 4522 255 399 266 3990 13566 10846 11305 570 6902 17 5510 19285 16269 10469 13398 33 3553 11571 11305 266 10353 3135 5510 14630 15 5510 12122 17255 1653 209 5054 4785 1653 5510 9367 58 969 1155 10830 290 18734 209 11913 6270 4845 11913 510 5610 15162 4466 1218 18734 1015 10469 1122 10659 7106 95 646 1653 18183 210 1254 3570 3190 9570 4389 238 6783 1083 3190 7106 16530 11305 1595 13566 2465 3570 561 2618 15162 30 6090 3451 1102 2090 3190 12635 770 7714 6090 1995 8778 7106 16530 3553 6783 119 4845 399 19285 2090 2166 2166 6270 7854 4389 6137 14630 19285 4785 7 7854 9367 1102 3570 18734 7581 5423 12122 9690 7714 18183 154 11 2958 2166 7581 2261 17255 14630 209 1102 6699 6061 2805 9367 5610 7106 2755 10659 2090 3045 33 319 2 4522 7942 4785 561 8265 10469 5423 11 18183 1914 1254 4845 3857 1615 18183 5610 6699 1805 14630 38 510 2310 55 3990 7106 14630 4389 1083 3306 9570 11913 3306 11571 2805 14630 9367 1870 12122 9367 3553 174 3045 9570 3230 11165 1595 3857 16269 18411 1102 2527 9367 1914 3 570 209 10846 13090 8778 7854 3927 1615 3610 231 6270 4522 570 17255 969 102 1615 12122 5423 3990 18734 12274 1330 10830 17255 12635 10659 7714 2261 57 2090 2233 2090 18411 58 19855 9570 5423 2618 17765 357 13090 935 145 11305 17765 12122 12122 18183 35 70 3135 2310 11571 57 10 2465 51 10353 133 7106 4785 38 7395 18183 7106 209 4389 1190 3190 1653 6545 2958 5415 12635 3306 13398 5423 6 6545 17255 4845 16269 13566 3135 6061 11305 18734 1102 1914 5423 646 7581 986 8265 406 3 399 4845 4845 87 1102 646 1938 15162 13090 58 2805 7315 2261 12122 4389 12122 3230 3990 16530 9570 1463 9690 2166 4845 4522 10659 551 9690 17765 119 6090 1254 3 2261 6137 3857 6783 3230 7315 1615 7395 7581 17765 665 6902 1463 4845 6699 319 18183 9367 6783 133 1155 969 13398 319 3857 3045 2755 406 7714 12274 203 3135 11571 1595 3857 58 9367 3553 1914 29 627 11165 357 770 3045 19285 4466 3857 8265 17255 6061 9690 1015 18411 1995 12122 6061 3135 9690 18183 8778 16530 5 5423 3570 14790 13566 7395 6783 3857 9690 1653 570 10469 4785 9367 8778 1595 1102 12635 6090 1122 6783 6699 6061 18183 1102 15162 7395 7581 1615 114 4389 3570 2755 2090 8265 6061 1254 133 5510 1615 2755 7854 42 19855 6902 17765 12274 6783 18411 3135 3230 13566 4389 2926 38 16530 6137 9690 14630 22 210 6061 2527 12274 7942 12122 1463 722 38 3553 11305 2755 4389 209 665 110 330 18734 114 17765 190 770 9367 6783 570 798 18734 6137 2755 19 6270 12122 19285 7315 19855 10469 1785 29 1309 7714 7854 3190 14630 38 87 8265 18183 609 2090 7854 627 3306 570 13398 13090 18734 1330 12122 638 12635 7581 9690 190 4389 11165 18734 10659 4389 3857 13090 3451 10846 10830 19855 3190 209 3990 1045 17255 570 1045 7581 10659 133 4930 385 105 4522 1045 102 3553 1122 10469 1653 12274 14 19285 9367 4785 10830 3610 1805 170 87 1155 722 3553 3306 4522 1653 5610 969 5 11165 6090 2926 22 2261 6270 3610 1254 935 1330 17765 1309 9690 4845 5510 1615 8778 17765 1155 11305 969 3451 19635 14790 3230 18183 10830 18734 5510 6545 3971 11571 1122 9690 5610 34 18734 11305 4845 18411 35 1938 30 2310 1330 57 2310 2618 5423 2755 57 5423 17255 5 4389 1015 35 19285 114 3570 1914 3135 7 17765 6061 3230 19635 13566 957 11305 15162 17255 16530 9690 110 21 7106 17765 18183 12122 8265 11305 2926 7714 361 7395 285 30 665 17765 1995 4785 3230 266 7315 9690 8265 1938 1479 3570 154 2261 7106 3990 154 1309 9690 13398 3570 9690 18183 17765 14 5 1938 8778 16269 18734 8265 3306 10353 38 1615 986 1102 58 11305 11571 3230 418 9367 6699 

1000
4674 3458 5187 3234 2793 5863 8151 1001 8569 1599 4693 8778 2706 5434 1558 5187 9471 7581 6006 8778 1482 5453 5586 8778 8569 861 3157 1463 2793 861 2706 5434 3234 539 3157 798 1862 1254 6027 4693 7942 1911 574 9386 1729 1001 1482 3458 8569 8151 5453 4674 5187 6006 2717 7581 7007 5434 7007 5453 266 3731 5863 5187 2717 5863 798 9471 8151 5054 4018 2926 4389 5453 2337 4389 931 5586 931 5453 3822 3458 9471 3458 5054 9471 7462 8778 1078 931 6006 2166 5054 4389 5453 5863 5434 9386 4389 1482 5187 2793 5586 9471 3458 1463 7581 2926 2717 9386 8778 3458 5453 1066 5453 1729 4389 7007 8778 399 8778 1274 1463 5187 3458 5187 7942 2793 3971 418 8778 6314 5187 5054 3822 7942 2002 462 8778 2926 1722 4674 494 5187 1599 7462 6027 3458 5453 5187 858 3003 4674 4693 3458 3822 798 722 1482 6314 5187 3458 8151 7462 7942 8569 1862 9386 5453 4693 5187 3234 451 7581 6027 1862 7581 77 3822 8778 2166 1463 4018 741 2706 3 5187 8151 5187 8569 9471 6006 8569 8778 2793 2926 5187 4674 7462 1862 5434 5187 6006 9471 7462 1911 7462 3731 4389 3198 637 6314 9471 2337 2793 4389 7462 5453 2706 8778 5187 858 1254 7942 3157 4018 5187 133 5453 539 2337 2926 6314 1722 3822 3157 8778 4674 8778 4674 7942 4018 5187 2337 1482 5453 9471 6006 546 7581 1722 8778 1078 4018 2337 1599 8778 6314 3458 5863 5586 7462 3822 8151 7581 7942 6027 5586 1463 6006 5586 861 4674 8778 8151 5453 5187 5187 5187 3458 3458 1463 8778 2527 7462 2926 5453 2337 1722 7581 9471 5586 5453 3731 2706 1254 9471 6006 4018 8569 5054 8778 7462 931 1729 5453 7462 8778 1558 546 6027 1617 1599 5586 4674 7581 5187 4674 5863 1862 2706 3822 7007 798 5586 22 4018 5453 5187 3234 4389 2166 7942 7942 1463 1463 5586 4389 7462 5054 3003 4389 5453 8569 2926 3458 3157 2793 4674 5187 2166 6006 2793 4674 8569 6314 7581 4389 9386 78 8778 5453 2002 5054 6027 931 5187 7581 5187 4018 5054 2166 1722 8569 5586 1482 7942 1558 861 8151 3458 4674 8778 3458 3731 2527 546 1482 9386 7007 1729 6027 8569 2002 9471 6314 7581 1482 5453 4674 5187 1274 6006 5453 1617 1254 5187 8778 7007 3003 574 4018 2009 5434 1482 3822 5187 3198 4674 6314 2717 2926 2717 5434 3731 3198 9471 7462 1599 8151 494 3157 7581 7581 8778 4018 3731 4674 6006 1722 2002 5453 1083 5863 2926 8778 3458 8778 6006 4018 3822 5187 5453 8778 3458 2793 4389 5187 5434 5453 9386 6314 5453 4389 4389 2926 1254 7581 1482 6027 7942 1729 3157 5453 9471 6314 5586 5453 9471 9471 2337 5586 1353 5453 4693 7007 779 4389 3458 1066 5453 2527 7462 8151 931 8151 4018 7462 7942 5453 7581 6314 3458 2793 6027 4389 5054 4674 1353 6006 5586 286 3003 5453 5453 9471 4389 2337 5054 5054 4674 546 5863 4674 1463 4389 8778 2002 6006 5586 627 5453 798 1463 2793 5586 5187 4018 5187 8778 5187 7007 6027 1482 5453 1911 5586 4018 5434 2926 3822 6006 462 1722 8569 26 231 6314 3458 3198 3234 2166 7462 5434 9471 5187 1001 7581 8778 5586 4389 3971 8569 1617 1862 5054 5453 1463 7462 1722 4018 9386 3458 273 3003 1729 1482 3198 5187 5187 931 8569 1254 798 6314 7581 2926 4693 7462 1729 9471 246 6006 4389 2926 5586 9471 2337 4389 1482 9471 3458 5453 9386 1722 3458 1482 4389 5187 399 1729 9471 4674 5434 3234 3458 4389 7581 1722 1274 2166 3198 7462 7942 3458 1911 7462 5434 5187 1482 3157 8569 6027 4018 8778 1482 8569 2337 2337 5453 798 8569 5863 1482 5187 1729 3458 4674 1729 798 1729 2926 4389 8778 8778 8778 7462 154 5187 3458 2706 8569 3157 3198 6314 1353 8569 627 2793 7462 5453 3731 5187 5453 5054 9471 2926 5586 4389 5434 5453 4674 4389 1482 5586 5187 1729 6006 6006 5187 3003 8778 8778 247 4389 4389 5586 7581 4018 5187 8151 8778 1482 7462 3822 7462 399 4018 3822 3731 7581 1353 1558 154 5187 5586 3157 3731 1482 5187 7581 9471 3731 2926 2926 6006 3458 2793 8151 2337 5453 8569 6006 3731 5054 1722 2717 1722 8151 1274 429 3458 7942 4674 5187 4674 3458 1599 5434 3003 931 3822 1274 9471 8569 7581 5453 5054 5187 8151 2166 5453 2706 2926 8778 7581 1862 5434 798 8151 6006 2717 7007 546 902 861 3003 1729 5453 1274 1482 539 3731 4389 4674 2002 2926 1482 5453 1862 7007 2926 6006 2926 1558 1729 4674 7462 1862 5187 7 273 6314 5863 5586 4389 8778 8151 5187 1558 494 3003 2002 273 5586 6006 8778 6027 9386 5054 9471 8778 4389 6027 6027 8778 2166 5586 1482 2793 6314 8778 9471 2337 1722 2337 9386 399 5453 3198 1558 3003 2717 5453 5586 1482 5187 7462 7581 7942 42 7462 2337 5453 4018 2793 5453 5453 3822 2793 8778 5453 5453 9471 3822 7462 8778 2926 2717 2002 5187 5586 4674 5586 5453 5453 7581 2926 5863 7581 7581 4674 798 546 5586 2337 2166 798 2166 4674 5586 9471 1482 1558 6314 931 5863 8778 5453 3458 798 4674 3234 7462 3458 8151 3458 8778 3234 5187 5187 7581 6006 5586 3458 6006 5586 798 1066 7581 5586 5453 57 4674 3198 8778 8151 7462 4018 3822 429 1722 7581 4674 5453 7462 741 4018 5187 1463 7462 1482 7581 2002 3234 5187 4018 4674 5187 273 5434 8151 5453 1463 741 861 3458 4389 3458 2793 6314 7007 8151 5054 5187 9386 7581 1729 5453 3971 8569 5586 6006 5054 91 1558 3234 1001 6006 33 7581 2337 3003 2337 1862 5054 3822 2337 8569 3234 

1000
238 210 21 255 114 189 210 147 126 153 147 245 245 255 153 150 294 147 189 147 294 266 153 255 126 210 126 126 266 147 102 210 147 210 255 153 126 105 210 238 126 266 255 105 102 285 114 210 294 210 210 294 114 105 210 171 119 189 238 294 114 126 210 294 294 210 150 255 153 133 285 114 270 210 210 119 170 119 150 170 119 102 285 266 114 245 238 294 114 285 189 171 175 119 210 238 294 102 238 225 126 171 114 266 90 119 270 102 238 95 90 255 50 294 170 255 245 150 114 294 266 255 105 210 189 255 190 105 171 266 126 266 245 266 171 150 210 170 210 126 126 175 294 210 189 153 171 126 105 266 126 294 245 270 171 285 153 255 285 238 245 126 133 238 210 126 189 126 210 255 210 266 119 210 238 210 270 266 266 245 126 225 285 171 63 266 270 126 114 210 171 105 153 126 210 266 294 210 210 285 102 270 175 147 147 210 255 150 266 153 210 175 126 255 255 90 238 175 225 255 245 255 126 170 63 285 171 285 63 189 270 294 270 255 126 119 245 255 102 133 270 210 255 238 210 210 102 210 150 126 294 189 210 266 210 147 270 255 210 294 210 135 210 126 285 102 238 245 114 245 189 90 238 285 210 102 294 255 225 210 270 255 105 63 105 190 225 225 266 238 105 285 153 102 245 175 210 119 126 238 285 210 105 210 210 255 210 210 90 126 119 170 126 126 114 210 171 266 147 105 126 147 90 45 70 171 294 189 90 150 126 210 294 210 294 102 119 294 210 189 294 126 147 210 210 225 171 126 245 294 210 210 210 270 210 171 294 189 105 210 294 105 225 153 225 294 245 210 225 63 63 225 245 210 255 126 210 189 255 90 238 225 255 255 285 153 133 245 102 105 70 170 294 238 210 255 189 255 238 114 210 126 285 210 270 294 285 126 119 285 255 189 285 114 150 294 119 210 102 210 150 210 285 210 175 119 210 105 245 255 210 294 266 238 255 266 126 90 285 238 255 210 133 126 255 175 255 210 210 285 126 126 150 150 102 270 135 255 147 175 225 119 238 255 245 210 225 90 270 294 266 210 190 294 175 147 210 171 153 175 255 133 114 285 126 114 270 171 294 266 105 245 153 126 70 171 105 238 210 90 285 294 105 266 114 170 114 63 238 245 170 45 210 147 189 294 126 105 255 189 105 294 266 153 285 294 133 294 294 210 171 294 126 255 210 126 190 210 102 245 294 294 150 255 175 210 190 255 255 285 126 102 210 170 238 266 153 270 210 114 210 266 238 170 210 170 105 90 126 210 147 285 210 294 63 285 245 294 245 210 285 170 238 245 171 266 210 238 210 285 171 119 119 266 170 150 210 126 189 210 210 175 210 189 294 210 294 266 147 133 175 102 255 266 294 171 225 189 285 153 255 210 294 126 245 285 294 238 190 255 210 126 285 210 294 266 210 245 210 153 105 126 210 285 285 255 119 266 210 126 266 189 245 255 255 210 210 153 90 126 294 210 210 210 210 285 147 285 210 245 102 210 133 294 285 210 126 210 210 255 245 210 285 105 189 210 255 255 210 294 210 210 114 102 133 102 255 153 190 294 210 210 245 210 266 238 238 210 189 102 114 294 294 255 114 285 245 255 170 189 245 170 255 266 266 210 126 153 285 210 102 114 126 153 238 210 105 126 147 189 210 294 45 210 238 114 266 105 190 294 225 153 150 294 294 210 266 294 294 255 126 255 126 102 105 126 294 270 114 294 210 105 285 171 225 119 150 210 285 210 63 210 170 126 210 63 126 210 255 255 285 105 255 102 102 255 133 210 255 266 102 225 170 266 225 255 147 245 245 147 210 294 175 255 210 255 225 126 238 210 210 255 245 266 210 245 255 119 114 102 210 245 255 210 238 294 102 238 285 255 270 210 294 171 210 105 285 266 245 238 105 189 245 105 245 153 175 147 270 285 285 175 285 190 266 210 294 105 119 210 266 126 126 294 210 150 210 114 102 294 175 105 238 126 210 63 190 170 245 210 255 266 255 210 171 270 270 175 105 210 135 245 105 294 126 147 119 171 114 153 114 270 119 285 285 245 119 210 245 255 210 266 266 294 102 210 294 238 245 294 210 266 285 210 147 285 147 133 255 294 238 294 294 210 255 175 105 294 105 294 114 210 210 266 189 210 255 255 150 175 133 105 294 210 147 150 225 126 210 245 266 210 175 126 245 210 126 294 105 238 210 210 147 153 126 285 133 114 210 170 270 105 133 126 147 294 266 238 255 105 

1000
51 33 36 51 36 31 52 36 36 33 54 33 34 42 34 31 39 44 51 42 33 42 33 52 56 24 42 51 36 39 42 42 39 36 56 42 39 44 39 44 36 51 44 42 54 42 42 24 52 34 36 52 39 36 33 42 36 44 24 36 24 42 31 44 34 42 36 39 42 44 51 36 39 36 42 26 22 31 44 42 44 34 51 42 42 36 42 42 33 42 31 52 52 52 36 52 36 31 31 51 52 52 36 36 42 42 36 54 31 39 42 33 39 36 39 36 39 36 24 51 36 54 39 54 39 34 54 31 39 44 31 39 51 56 36 36 39 39 52 52 51 39 42 24 36 42 33 36 42 52 36 39 24 42 42 24 36 54 42 56 51 42 54 34 42 42 36 54 24 51 44 42 34 44 42 36 34 34 39 39 54 42 54 42 42 24 31 34 36 34 36 42 34 34 42 31 42 36 39 44 36 52 33 34 52 31 54 42 42 39 31 31 39 42 36 33 54 42 44 39 24 44 24 36 33 44 52 36 44 31 54 33 51 33 42 36 36 39 39 42 39 34 36 24 54 54 39 36 52 36 54 31 34 34 36 44 36 24 39 33 24 31 34 34 31 42 51 39 52 42 51 44 31 51 36 42 31 33 42 44 52 24 44 54 34 54 42 42 44 44 36 39 26 42 51 31 42 36 39 24 39 42 31 33 44 36 24 36 54 31 52 33 31 36 34 34 51 33 31 42 34 31 33 52 51 42 42 36 36 52 42 34 31 52 52 44 24 54 42 34 44 52 33 36 34 36 34 34 42 36 42 42 36 24 33 39 51 36 52 42 39 54 36 34 34 33 42 42 39 34 33 51 34 51 36 34 39 34 51 52 33 42 39 54 44 36 36 52 44 31 36 31 52 42 22 42 44 36 36 34 39 44 36 39 39 39 42 39 39 36 52 31 36 44 54 33 39 42 31 54 54 24 52 33 39 33 36 33 54 51 26 36 51 42 39 54 51 36 52 56 54 36 54 42 24 36 36 42 54 39 31 54 44 36 52 36 36 56 36 31 44 42 39 36 42 42 42 42 33 31 56 42 42 42 31 42 31 52 36 36 33 39 36 24 52 36 33 34 31 36 33 42 42 34 31 36 33 36 36 24 56 56 56 42 56 24 52 34 31 36 56 51 34 42 18 42 31 42 42 36 42 44 31 34 56 33 33 44 44 52 42 33 36 31 31 44 52 42 44 31 24 31 44 36 33 42 36 36 36 54 31 52 36 42 44 42 39 42 42 42 52 42 36 31 56 39 52 24 42 31 33 36 36 33 51 39 36 34 54 31 42 36 51 36 51 39 44 36 51 56 31 54 31 34 44 42 39 52 36 42 52 52 42 36 44 54 51 36 54 51 52 42 24 42 34 44 36 54 56 31 44 44 54 42 42 39 36 31 24 31 36 44 39 33 36 52 51 34 34 54 52 36 54 51 54 51 54 33 28 42 54 51 33 34 52 36 33 42 56 36 51 42 52 39 52 51 42 44 42 51 54 34 31 36 51 52 33 51 36 56 54 42 42 56 24 39 51 36 36 34 44 36 52 54 33 44 33 34 42 51 34 42 52 39 52 34 54 33 42 42 42 36 31 42 33 42 52 24 33 42 36 31 34 44 42 36 44 51 36 51 52 44 36 51 31 34 56 52 51 42 39 44 24 54 54 51 24 44 24 54 42 33 34 24 54 36 39 51 31 36 33 42 51 33 56 34 39 52 31 52 42 42 36 36 34 42 36 44 51 44 56 42 36 44 36 36 39 54 36 42 54 34 56 42 34 52 31 36 28 39 31 51 52 52 52 52 36 34 44 44 34 36 24 34 56 44 42 33 31 56 52 56 52 54 52 33 44 52 39 33 42 54 36 44 24 33 52 36 39 39 36 42 31 42 56 51 39 52 24 36 36 44 42 31 51 31 36 44 33 36 42 36 42 42 44 24 36 36 52 33 33 51 31 31 39 34 54 36 44 52 34 33 36 36 31 51 39 52 42 42 36 33 33 39 42 54 54 36 44 44 31 51 42 39 51 51 44 34 56 36 31 42 42 52 42 42 33 52 36 34 33 44 34 42 34 39 39 54 33 36 42 36 36 42 34 52 33 33 52 39 34 36 52 44 42 36 42 44 42 36 52 51 42 34 52 42 44 44 51 33 42 36 31 42 34 44 34 39 51 36 42 39 52 36 42 52 31 31 31 52 24 36 42 54 44 51 28 24 28 44 54 31 51 51 34 44 44 24 33 51 

1000
88 104 132 138 88 88 110 110 132 132 132 136 110 130 104 92 121 92 120 143 102 102 88 136 88 92 143 88 96 132 120 96 115 120 132 85 120 132 104 120 120 120 136 85 132 88 132 88 88 92 80 88 130 132 130 78 78 138 136 138 78 78 88 136 80 78 110 136 110 138 120 115 132 78 130 88 88 121 120 138 80 80 136 92 136 110 104 92 104 132 104 136 132 132 92 88 78 132 120 136 88 136 138 132 132 88 78 92 92 138 92 132 102 132 136 132 104 104 138 88 104 88 104 102 80 96 92 120 85 104 132 110 120 104 132 132 120 143 110 132 80 88 110 85 120 136 132 104 102 78 115 96 88 130 136 130 120 115 92 88 143 88 143 78 132 136 102 120 130 132 92 120 130 88 138 132 132 120 115 80 136 92 120 138 88 136 132 138 136 120 88 110 104 120 132 104 121 136 136 132 92 110 92 120 110 88 115 78 88 92 104 136 136 130 92 132 78 104 78 132 104 78 132 88 138 136 138 78 96 110 138 92 136 115 130 104 132 136 92 78 102 102 136 92 104 136 85 132 92 132 88 121 104 110 130 120 143 104 132 104 80 92 138 120 88 96 136 102 88 136 121 102 120 102 120 138 115 132 132 132 92 136 143 132 130 136 102 136 92 110 104 120 104 120 136 110 138 136 138 121 80 88 110 92 120 132 132 138 104 136 130 132 104 136 132 96 143 136 132 104 78 136 92 104 92 130 121 120 80 104 132 136 104 138 78 104 132 88 96 104 88 136 78 110 110 88 132 136 102 132 88 88 138 136 104 92 92 132 96 120 92 130 102 130 92 110 132 132 132 104 92 132 102 102 102 132 136 110 120 130 138 88 115 132 132 121 120 136 138 88 132 104 96 138 115 104 92 120 130 88 88 136 132 92 104 132 96 92 96 136 132 120 120 85 88 80 132 96 138 88 92 104 132 88 102 143 92 130 88 104 121 80 104 136 132 136 92 130 115 104 130 143 132 92 92 120 96 138 115 88 120 88 136 115 92 88 132 88 96 102 136 130 130 138 110 88 88 143 92 92 80 88 138 110 143 120 88 143 132 136 110 121 138 132 88 110 136 143 78 92 132 110 121 132 78 136 92 143 104 132 138 110 92 136 102 110 104 80 92 132 92 132 104 92 143 136 132 104 85 88 143 88 120 92 92 132 102 132 88 136 130 104 120 132 132 143 110 143 143 92 120 88 132 132 80 92 121 132 88 115 88 110 120 136 104 132 88 102 78 92 136 136 130 92 121 136 80 92 78 110 136 102 88 110 120 110 121 138 136 88 130 88 92 92 138 136 78 138 138 104 120 136 136 104 88 110 138 136 80 104 92 88 120 132 120 132 121 110 120 138 110 110 104 80 88 132 92 88 110 121 102 138 104 104 88 110 104 110 92 88 48 136 132 132 115 96 104 78 132 132 143 92 143 132 78 120 130 121 115 92 92 132 92 80 92 92 136 132 136 136 88 132 104 115 120 115 136 85 138 85 136 96 92 120 92 78 130 136 92 78 138 132 92 132 136 138 132 132 143 104 85 132 88 102 78 130 143 130 136 130 120 88 96 96 136 143 115 132 110 130 110 88 104 115 92 121 136 104 104 88 120 136 132 132 80 88 120 88 104 120 138 85 136 104 110 92 132 104 115 88 102 143 88 88 88 104 136 136 132 96 130 104 132 120 104 132 136 85 138 102 88 132 136 136 96 88 136 88 120 85 130 88 104 132 96 120 136 96 115 110 92 120 143 92 110 102 115 110 92 121 92 88 88 136 80 92 120 115 88 138 88 138 110 138 132 92 132 132 138 120 120 80 78 78 138 80 104 104 102 104 110 120 80 88 138 92 88 136 120 120 88 104 88 104 132 136 136 92 92 115 92 102 88 92 136 132 88 132 136 102 104 102 78 88 132 136 104 121 102 143 130 104 143 96 132 136 78 120 92 136 78 96 138 92 88 92 80 110 78 85 120 92 104 132 132 80 136 88 88 132 136 130 132 110 92 80 88 85 88 136 104 104 104 92 92 110 104 120 120 88 88 136 136 110 136 120 85 121 104 92 121 132 80 132 120 92 110 120 88 92 120 102 132 120 132 110 102 120 120 102 130 88 132 110 104 132 136 110 96 102 136 136 96 136 138 138 104 88 102 92 92 132 85 110 80 78 110 88 88 132 120 130 138 132 92 104 121 120 78 132 102 104 102 88 80 110 132 88 132 92 80 138 102 88 110 130 138 130 80 120 

1000
28 28 28 38 31 28 16 31 32 28 14 14 29 7 28 29 16 32 28 28 28 31 29 16 38 34 38 29 28 28 34 28 34 38 38 28 28 38 38 28 28 31 49 34 28 28 28 34 28 31 28 28 32 34 38 28 38 28 28 31 16 28 38 29 34 34 14 28 31 28 29 49 31 31 38 38 31 28 28 29 28 32 38 38 28 28 28 29 28 38 17 34 28 28 29 28 28 29 28 8 28 34 34 28 29 34 34 28 28 32 28 34 38 34 29 29 16 38 38 31 28 28 28 8 34 28 34 28 38 16 28 28 29 28 34 28 16 29 38 28 38 29 34 31 28 29 38 28 49 34 8 8 31 31 28 28 8 28 31 16 28 28 28 34 29 28 34 31 28 34 28 28 28 28 28 38 38 38 38 29 34 34 38 38 16 34 38 29 38 28 28 28 34 29 34 38 29 29 28 28 28 31 28 29 16 38 14 28 32 29 28 28 28 28 29 34 28 28 38 31 28 8 34 29 28 34 16 38 38 28 28 28 34 28 28 49 32 34 29 8 31 28 28 38 28 28 28 28 29 28 28 34 28 28 28 29 49 34 34 38 38 31 28 38 34 34 28 31 28 28 28 31 31 28 34 34 29 28 16 28 28 29 28 34 29 31 29 28 28 28 28 28 16 28 28 38 32 34 28 34 31 28 31 31 32 28 31 28 38 34 49 28 34 34 34 28 28 28 31 28 29 28 16 38 34 38 16 28 28 34 29 28 28 28 34 8 34 8 16 28 49 28 8 29 28 49 38 28 38 28 28 38 29 34 29 34 28 28 38 38 38 49 28 28 28 28 29 34 28 38 16 34 28 28 28 28 49 38 16 34 28 8 34 28 28 28 28 28 29 28 29 8 31 31 8 28 28 38 28 28 38 38 28 28 38 28 49 8 31 28 28 31 34 28 28 38 28 38 16 16 29 38 28 31 28 29 34 28 16 31 28 31 28 31 29 38 28 28 14 34 28 29 16 16 28 34 29 34 28 29 14 32 31 38 28 31 28 14 29 34 28 16 31 29 32 31 28 8 31 38 8 31 28 29 31 38 28 29 8 28 32 8 28 34 31 28 28 16 28 17 14 34 28 28 28 16 28 31 28 28 38 49 34 28 34 29 28 28 31 29 28 31 28 28 28 14 34 31 28 32 28 31 28 28 28 28 14 38 29 38 29 38 31 16 28 31 31 49 32 16 34 16 28 38 38 29 31 28 31 38 29 28 28 28 28 34 34 29 28 31 34 28 16 31 28 31 34 31 31 28 34 29 49 38 28 8 16 34 8 28 28 28 29 38 16 29 38 31 38 32 16 28 29 28 49 38 31 28 31 28 8 29 28 28 28 28 28 34 34 29 28 31 34 8 29 28 28 38 31 31 8 28 28 34 16 31 31 34 28 28 16 29 38 31 28 38 31 28 38 28 34 28 34 34 28 38 34 8 34 29 38 28 28 28 31 34 34 34 34 28 16 16 34 28 28 29 28 28 29 8 28 16 28 38 28 31 38 34 28 28 34 16 28 28 38 49 28 34 34 29 34 28 16 28 16 28 28 38 28 28 29 49 8 16 38 31 29 28 28 38 28 28 28 28 28 34 38 31 28 34 31 28 38 34 34 34 28 34 28 28 28 31 28 32 28 28 28 32 28 29 32 31 34 28 34 8 31 8 28 34 38 38 34 28 8 28 29 34 38 28 28 29 34 28 31 28 31 29 31 28 38 31 16 31 28 38 8 28 28 28 29 29 28 16 4 28 28 28 31 31 29 34 29 14 34 31 38 28 34 31 28 28 28 7 38 49 28 34 29 38 38 31 16 34 29 28 38 28 28 28 29 28 29 38 31 32 28 28 16 28 28 28 34 34 28 32 32 19 16 38 38 31 31 38 29 34 28 38 28 28 34 28 34 29 34 38 28 34 31 28 28 28 34 31 34 28 28 28 28 28 8 16 31 49 29 28 31 38 8 28 16 8 28 49 31 28 34 16 38 28 34 28 16 38 28 38 34 28 34 38 14 29 38 8 16 38 28 28 28 28 32 38 28 31 28 34 28 38 29 38 38 34 38 38 28 31 28 28 14 38 14 28 16 34 28 29 34 34 28 28 34 29 29 28 38 29 28 34 14 29 49 28 31 31 34 31 32 38 38 29 8 28 38 8 38 49 34 34 28 34 34 38 29 49 38 28 16 28 28 34 28 28 16 34 38 34 31 38 49 16 28 38 16 34 31 29 16 38 31 34 

1000
31 30 20 23 36 21 23 31 31 31 30 21 21 26 26 36 30 28 30 35 23 21 36 35 34 28 23 30 23 20 36 36 28 36 36 31 26 21 31 23 30 36 31 28 36 30 26 36 36 30 30 23 21 28 23 21 23 34 34 36 35 30 28 36 36 30 28 23 31 30 34 34 26 30 31 28 30 34 34 20 36 34 34 34 23 35 36 34 34 36 28 26 28 30 21 30 28 30 35 34 26 31 30 21 35 23 21 23 26 23 36 30 30 26 31 36 36 26 30 28 31 26 34 28 26 21 26 34 20 21 26 26 35 30 31 28 30 21 31 36 36 30 28 21 36 34 36 30 21 23 31 36 34 31 21 36 34 30 23 20 23 31 26 26 30 21 23 36 30 30 21 34 23 26 31 34 23 23 34 21 35 34 26 36 30 36 21 34 20 26 23 28 34 34 35 23 28 30 23 26 30 21 30 20 30 26 36 26 23 21 26 20 26 30 34 26 30 21 34 30 30 20 36 34 21 34 30 34 21 21 28 20 30 31 31 28 26 21 21 26 26 21 30 35 31 28 34 23 36 23 30 21 30 31 34 35 28 21 28 26 36 26 23 28 30 30 28 31 30 31 34 35 30 34 21 34 36 26 26 34 34 23 21 34 30 30 31 31 30 30 28 34 30 26 34 36 34 21 34 34 34 34 26 31 34 20 34 26 21 36 28 34 21 26 21 36 30 23 31 36 30 30 30 36 35 36 26 13 34 23 26 31 28 30 26 34 36 30 34 31 21 21 28 12 36 30 30 21 23 31 30 21 28 28 30 34 26 34 31 30 23 30 31 21 31 23 30 23 36 20 28 26 36 36 34 36 31 30 26 30 36 30 34 34 36 31 31 36 34 35 21 31 34 26 21 34 23 28 36 30 20 30 26 23 31 31 30 23 21 20 31 30 34 36 31 26 30 35 34 30 28 26 36 36 20 34 36 28 23 21 12 26 30 21 26 34 26 23 31 34 21 23 34 34 30 36 26 23 34 20 30 36 26 31 36 30 34 31 34 28 30 26 30 34 36 30 34 31 26 30 31 35 26 34 21 31 26 30 35 36 31 26 31 30 21 31 28 34 28 28 34 23 31 30 34 26 26 36 31 34 34 21 28 26 34 30 21 30 26 35 30 36 23 23 36 34 23 23 34 30 31 26 30 23 34 34 34 23 23 21 28 34 30 31 36 28 30 23 30 36 30 36 23 30 30 35 23 28 31 21 34 34 26 34 36 21 26 34 34 30 30 23 28 31 30 21 30 21 26 26 26 28 31 30 23 23 28 26 30 26 34 26 31 21 28 34 36 36 36 23 26 21 21 23 26 30 23 30 34 28 20 21 30 36 23 34 23 30 34 36 30 26 26 23 36 36 18 26 36 30 30 23 35 26 34 34 30 26 36 31 30 26 36 34 30 31 28 26 28 30 28 23 26 21 20 20 30 36 30 23 35 18 21 26 31 34 31 30 35 30 36 36 20 35 31 26 23 18 36 36 21 31 36 20 34 36 30 36 36 28 34 31 23 21 26 34 23 21 36 31 30 36 36 23 28 31 26 30 31 35 35 23 23 36 21 30 26 28 28 36 31 36 34 36 23 21 31 34 23 34 28 26 26 30 30 31 31 30 31 30 23 30 34 34 36 28 26 30 36 35 31 30 36 31 31 30 20 30 23 34 30 36 30 30 30 31 30 26 26 23 21 23 34 20 34 30 30 30 31 23 34 34 20 28 31 23 31 36 31 20 23 35 34 31 34 21 26 30 35 34 26 30 26 36 20 34 35 31 26 36 26 36 23 34 12 30 23 23 26 26 21 28 31 36 30 28 34 26 30 36 30 36 30 31 34 26 30 23 34 31 23 31 23 26 21 34 34 21 35 21 34 36 36 20 31 30 20 21 31 28 36 21 26 34 36 30 26 31 26 34 31 30 26 35 36 23 34 34 31 30 34 36 35 26 28 34 30 20 23 34 36 36 23 36 28 30 21 26 20 30 23 30 28 28 30 26 30 35 28 31 36 23 36 36 26 31 21 30 26 30 36 26 26 20 23 30 30 26 34 28 20 34 30 36 21 23 30 21 20 31 34 31 36 30 30 23 34 30 34 23 31 30 26 28 30 28 23 30 36 30 36 36 36 34 30 30 23 36 36 36 30 26 34 35 21 35 31 26 28 34 28 26 34 34 34 23 31 30 36 23 26 28 34 26 36 23 30 26 21 28 28 34 30 36 23 31 30 34 21 34 

1000
228 312 170 190 195 204 228 260 247 325 152 171 306 247 252 338 285 210 300 195 273 255 210 180 204 221 225 210 210 280 221 325 260 300 338 260 247 312 312 273 312 170 247 255 228 260 234 182 170 273 180 140 255 260 210 228 195 170 195 280 152 234 228 210 312 210 300 190 170 260 170 280 300 260 260 260 195 228 238 238 204 190 300 195 323 120 170 190 266 180 195 300 247 255 234 306 266 171 273 260 195 323 210 312 300 182 228 312 204 210 228 338 260 195 204 195 325 228 175 338 273 312 234 260 180 182 255 195 234 247 228 300 325 312 323 228 168 252 312 306 120 273 120 168 312 260 280 204 273 204 170 300 204 285 306 260 182 234 204 285 170 182 260 204 170 280 280 323 255 182 312 300 234 238 228 180 338 285 156 171 210 285 234 204 170 210 323 195 228 306 306 280 210 182 255 300 273 210 260 210 225 252 180 312 260 260 234 238 195 152 228 285 300 260 170 190 228 170 255 190 266 280 285 280 238 260 234 228 195 323 247 338 306 273 228 210 260 280 285 180 210 285 255 266 280 234 170 312 238 210 228 285 338 238 195 180 273 273 280 260 252 234 260 228 228 280 252 285 182 204 195 338 312 204 210 234 255 312 260 180 312 260 190 180 323 180 312 190 300 221 273 260 338 338 260 210 306 182 120 234 260 210 228 238 171 204 325 234 312 247 273 190 180 312 312 180 260 234 180 247 260 210 221 221 273 255 195 315 180 338 195 285 228 234 315 234 312 285 312 260 285 182 306 152 312 312 260 210 180 228 221 260 190 175 221 260 234 260 247 190 300 170 210 260 285 182 195 247 190 156 221 234 312 210 182 280 171 260 190 180 200 325 312 204 300 238 266 195 210 273 195 195 234 247 182 260 156 260 255 200 221 273 228 306 210 338 285 260 255 238 182 300 260 260 180 228 280 238 315 170 190 338 182 170 285 300 312 260 170 234 190 280 338 234 285 255 312 312 312 210 325 182 312 260 338 312 266 247 170 228 228 180 228 210 170 285 252 182 273 204 168 260 180 190 152 338 195 266 190 306 228 312 204 234 228 300 195 247 210 210 266 338 280 170 204 260 247 210 168 285 228 204 195 312 255 120 228 170 312 238 170 228 180 204 204 221 180 300 225 228 338 210 180 234 280 168 312 255 175 170 300 190 182 325 228 312 260 247 285 152 190 180 221 285 170 120 312 234 238 255 306 190 195 195 210 228 260 221 300 260 182 260 260 338 306 260 323 252 210 280 260 312 190 195 195 260 338 221 190 300 312 312 312 168 221 190 182 260 306 260 168 210 210 260 190 300 210 338 260 210 312 338 238 170 266 280 195 325 234 195 175 312 260 260 221 323 260 228 338 221 238 280 300 285 195 180 180 266 266 280 190 260 170 210 238 338 204 190 204 323 266 247 170 300 338 260 182 247 228 228 190 210 260 260 171 204 247 285 285 168 210 210 255 210 152 156 260 234 260 312 195 228 273 152 195 306 312 170 280 238 210 234 247 190 180 180 260 300 228 285 260 228 180 260 252 210 204 204 168 210 260 136 273 152 306 260 204 238 255 252 260 195 170 247 180 170 300 190 325 180 204 182 312 312 234 338 204 168 210 300 300 285 228 190 273 228 312 312 306 228 273 285 234 266 280 238 312 255 228 182 152 280 273 180 273 315 338 300 204 195 255 338 221 228 195 312 312 247 260 210 323 204 312 338 273 306 312 252 266 170 234 260 300 170 221 260 190 285 190 300 190 190 260 204 175 252 170 285 300 323 260 300 260 204 221 238 204 136 260 156 195 182 225 234 221 120 234 260 210 182 221 238 204 300 182 190 260 195 210 280 266 338 312 315 156 306 300 221 204 182 195 260 266 280 170 260 285 182 300 280 260 175 306 312 180 260 280 315 190 221 204 234 260 260 234 200 228 182 306 204 266 180 182 210 260 170 170 280 210 280 273 280 221 285 312 120 247 234 306 266 190 175 204 338 260 182 300 228 228 260 204 228 247 252 190 255 247 234 175 312 312 120 136 120 221 228 312 210 300 260 190 247 234 204 280 238 300 170 312 252 221 300 156 190 225 260 260 285 312 136 300 238 280 170 260 195 280 266 200 180 234 312 190 180 182 252 204 273 221 300 228 260 204 195 170 280 190 252 280 171 221 260 273 190 260 204 190 168 140 228 195 180 238 312 195 323 252 252 273 234 210 312 168 280 228 200 210 260 266 234 247 221 204 210 312 260 210 210 300 221 
