2049 535
380 999
487 555
622 629
932 993
267 832
241 438
736 977
555 984
564 808
408 563
239 890
157 693
401 417
689 722
165 942
982 984
310 342
845 914
486 883
733 952
406 997
457 595
901 948
101 138
141 648
224 489
990 997
799 960
877 916
433 953
855 954
589 769
548 848
419 657
927 971
700 715
878 914
622 966
714 798
717 885
989 998
928 942
732 841
650 944
275 567
129 194
495 933
656 904
92 445
821 839
422 577
22 323
439 865
895 911
47 667
631 655
388 989
340 905
904 940
519 640
38 356
9 88
112 727
550 567
973 980
996 1000
300 926
271 431
708 730
890 934
323 692
983 988
920 969
387 859
892 959
397 970
107 743
965 998
279 721
651 773
960 980
449 714
535 691
563 737
13 821
427 750
22 408
632 934
649 718
63 712
644 815
479 841
697 878
625 987
287 789
24 628
64 757
23 402
259 903
469 775
608 916
329 511
374 564
322 701
866 934
309 696
109 900
834 841
996 998
319 832
229 899
825 894
246 582
193 888
447 547
106 722
331 673
693 808
450 624
83 428
761 928
225 808
463 741
232 356
36 579
982 989
324 913
189 475
350 438
827 986
355 959
134 566
300 831
814 884
477 832
651 865
299 729
583 793
38 981
425 585
206 211
490 973
854 985
446 674
35 799
469 765
558 733
913 943
884 893
880 956
996 999
124 954
252 299
37 963
824 956
948 961
920 976
592 618
15 508
765 796
177 693
309 554
680 691
539 814
425 480
963 971
351 480
260 814
490 906
803 819
362 589
204 330
549 968
124 300
247 528
945 997
133 977
944 945
501 823
586 791
53 828
279 534
277 910
541 808
435 488
486 817
797 798
879 887
795 828
49 177
53 124
496 996
35 910
731 776
529 787
503 665
162 485
75 435
397 796
602 758
371 643
197 534
440 567
132 701
5 739
742 937
816 837
582 674
45 428
473 863
653 676
639 860
56 438
644 899
780 960
324 755
975 998
430 902
20 271
225 774
278 990
606 643
824 933
231 668
135 164
960 981
385 958
811 879
126 602
709 773
963 997
813 910
685 741
753 835
579 852
107 939
603 970
7 492
148 390
794 894
47 587
96 674
103 779
903 952
185 210
351 476
28 893
119 809
495 924
715 861
594 748
819 842
39 825
579 841
543 910
246 356
569 953
104 671
64 628
334 912
186 266
249 434
663 791
467 871
260 637
615 819
963 986
571 786
991 993
386 899
242 665
865 907
427 957
704 952
161 820
412 565
168 267
511 895
497 967
717 982
975 990
602 971
880 904
141 415
772 823
152 752
529 691
959 974
873 962
552 952
304 992
724 936
611 911
600 737
912 940
316 340
276 767
825 923
207 384
585 770
246 576
496 893
886 905
430 922
720 826
481 510
494 864
76 954
972 985
803 991
905 911
480 716
914 945
665 701
983 990
876 909
249 444
796 863
142 334
638 999
693 712
923 956
175 222
322 510
435 529
748 953
89 210
96 367
855 930
38 404
465 810
9 40
344 684
448 837
499 539
217 877
601 982
980 996
402 531
559 723
124 406
80 762
444 560
450 991
932 965
101 642
965 989
696 885
777 893
304 983
694 830
111 884
969 1000
348 928
551 821
118 801
507 768
362 423
737 888
696 986
762 809
663 994
749 911
155 339
381 847
128 239
956 992
146 486
662 995
613 829
570 724
665 761
470 964
321 502
724 760
111 845
187 960
569 848
591 970
403 771
104 377
279 672
56 950
141 185
492 751
279 533
714 978
364 705
969 982
460 531
363 873
869 898
157 434
606 658
699 757
579 978
933 948
191 906
195 776
428 829
837 870
608 920
151 559
819 869
559 830
176 759
185 392
891 924
380 681
32 895
824 938
914 967
974 987
325 891
929 969
650 905
543 895
725 879
919 981
32 648
197 942
651 653
112 901
776 946
241 745
179 716
642 878
205 404
802 938
218 256
834 963
950 992
971 986
116 696
292 966
915 935
140 619
813 836
640 666
28 397
635 755
520 560
512 788
21 974
349 680
338 691
713 782
84 963
861 870
735 776
759 847
828 881
956 961
884 910
449 676
498 660
113 919
45 464
81 947
207 930
166 567
511 754
718 753
552 989
434 648
666 917
313 337
477 946
777 954
413 862
186 653
922 927
738 870
377 757
460 831
612 818
231 234
825 879
266 645
148 620
548 648
164 379
24 199
600 807
517 604
653 668
144 257
625 712
455 958
191 253
863 869
414 873
327 745
35 756
733 760
246 659
42 449
507 521
932 961
249 346
400 886
197 366
342 980
120 475
936 952
610 637
828 903
283 760
810 887
502 630
576 713
32 867
347 992
355 680
97 156
700 923
994 995
608 925
5 113
33 731
94 114
176 692
39 533
57 251
672 933
923 966
207 983
490 665
824 947
941 964
964 967
393 706
771 927
648 850
91 392
190 613
119 639
401 962
344 894
698 905
180 938
887 981
397 964
369 558
373 798
450 685
457 950
355 631
842 886
521 890
772 928
939 985
715 914
974 990
45 203
177 905
771 777
844 964
96 873
710 760
329 572
617 946
59 959
628 653
462 940
920 963
380 382
75 275
410 518
348 931
320 433
463 546
843 897
248 953
51 208
959 969
601 607
116 352
296 510
227 803
529 744
519 919
930 971
809 947
802 851
480 662
639 680
44 890
827 856
614 627
881 894
206 468
89 201
478 887
230 927
632 688
659 908
781 953
894 984
356 769
619 958
458 572
300 909
456 845
212 332
554 558
477 784
747 912
81 431
356 553
498 884
75 641
704 891
435 504
622 888
221 477
360 424
345 587
443 893
88 345
225 556
171 939
955 969
745 801
897 992
628 866
955 990
875 929
378 574
926 979
497 955
794 899
482 518
301 320
191 290
30 770
156 458
517 783
64 719
485 527
201 965
214 497
505 727
40 394
481 683
766 967
296 443
107 562
308 729
456 536
212 369
501 892
831 904
386 768
967 978
443 763
964 994
487 715
370 666
294 325
476 859
910 956
828 905
767 830
954 988
12 27
136 781
545 622
550 561
171 223
3 212
790 994
478 842
990 996
567 585
503 598
246 260
285 728
928 972
857 871
619 899
832 857
462 782
270 524
690 946
430 697
349 395
32 472
40 683
693 778
936 968
978 983
763 958
863 969
523 908
852 939
567 636
288 306
174 221
19 517
660 691
920 979
480 905
381 912
649 737
302 490
77 778
144 997
562 615
419 780
456 922
287 549
465 755
984 989
593 755
145 680
40 462
499 935
238 708
955 993
629 769
33 358
590 897
564 624
501 566
288 563
106 552
686 725
382 417
529 779
919 977
201 520
944 967
187 857
394 801
325 376
279 499
974 976
968 989
327 953
403 972
290 327
136 564
258 682
922 933
509 627
981 988
757 778
716 986
119 880
649 713
648 651
966 985
986 998
73 515
276 771
474 749
298 858
574 599
180 422
500 991
174 322
155 878
184 891
480 888
664 669
147 549
57 242
779 940
182 501
196 861
844 878
897 916
51 588
985 988
549 659
393 503
445 845
188 215
289 396
136 254
150 453
131 524
362 981
80 277
9 971
381 527
491 617
67 430
561 810
108 829
869 950
486 508
759 848
545 929
876 977
455 873
477 790
454 607
549 783
854 953
207 982
610 762
957 969
309 481
326 599
862 914
135 190
620 650
421 604
119 707
16 178
892 908
815 919
584 935
385 923
715 856
96 571
555 853
453 787
151 756
616 728
332 800
520 809
384 710
607 791
721 898
884 973
857 945
295 600
278 465
128 745
514 628
751 839
748 914
256 546
447 721
465 598
491 663
546 950
897 920
637 908
535 762
634 661
72 500
437 736
62 305
876 925
395 612
78 454
528 638
58 620
507 960
122 564
751 974
400 974
372 385
309 690
519 709
410 860
383 490
600 854
151 483
227 228
381 447
631 632
144 228
216 545
447 737
203 234
31 583
752 988
323 871
457 830
850 905
453 801
700 1000
125 647
232 719
144 459
295 861
196 317
845 890
615 659
443 472
817 907
393 401
503 930
190 675
282 426
400 609
525 851
444 750
448 742
101 757
765 942
900 911
67 520
900 997
765 848
69 940
11 344
493 961
434 531
848 933
661 876
904 979
233 564
208 872
403 494
55 712
532 546
926 992
538 661
589 633
186 424
842 963
846 984
407 699
354 821
679 950
234 442
588 741
352 955
138 734
546 733
636 902
365 688
789 939
880 973
757 892
210 668
63 802
445 765
646 746
507 954
876 904
190 297
962 992
124 638
408 626
324 515
774 784
336 847
254 648
903 991
855 870
244 655
377 776
230 412
293 550
355 625
56 767
751 780
214 440
313 766
179 758
174 426
496 855
216 437
832 926
625 744
181 882
771 907
405 958
436 618
645 800
454 838
59 140
807 945
882 941
503 513
594 685
276 809
922 976
704 958
229 628
839 968
498 676
417 912
778 824
119 854
431 779
149 747
331 442
359 900
152 458
491 814
554 632
885 943
385 890
44 641
357 565
640 688
720 876
600 948
907 944
556 722
422 721
947 948
435 795
434 925
380 961
187 443
304 498
578 776
732 789
333 901
167 495
939 986
499 588
556 758
478 679
931 984
568 864
376 486
743 772
623 870
720 824
171 689
683 769
124 228
567 843
122 519
891 963
408 689
69 561
284 985
323 559
966 983
122 339
972 976
490 681
446 598
270 649
987 998
192 464
587 987
525 628
684 799
254 519
811 900
753 841
926 940
102 992
722 792
770 792
232 701
343 461
336 482
171 215
685 937
277 799
138 520
923 980
764 874
518 808
705 999
439 880
265 568
559 699
601 800
159 207
34 209
443 445
218 995
136 654
748 993
214 930
746 911
383 647
46 690
572 861
765 857
209 330
164 387
980 983
498 718
758 832
155 275
559 732
686 996
750 792
267 408
90 730
83 989
698 769
99 107
716 759
646 912
402 869
568 908
627 854
271 452
719 721
73 362
700 913
176 183
35 380
532 904
337 708
106 152
823 878
399 411
826 964
457 792
644 759
453 917
244 250
355 576
237 399
427 829
100 505
325 912
119 678
684 990
251 548
100 126
417 445
604 778
230 432
467 990
273 929
782 936
392 607
536 837
438 754
821 838
184 998
464 977
545 597
292 888
963 973
451 983
131 447
536 623
233 609
540 692
127 202
513 548
493 904
255 680
22 34
25 510
638 641
61 787
522 967
493 957
15 65
354 658
314 798
505 659
799 878
823 857
318 959
578 624
417 462
118 816
198 442
87 250
764 865
789 974
522 594
647 732
86 777
310 835
876 1000
525 529
509 544
372 884
950 956
433 774
575 976
402 847
478 830
618 633
332 645
494 872
652 785
807 929
767 833
212 579
101 768
270 761
981 995
490 876
209 947
347 962
61 741
247 846
51 677
413 661
396 582
328 429
671 763
937 970
465 727
443 875
580 876
350 737
443 484
375 779
374 775
281 820
226 368
235 437
786 942
33 691
425 532
620 826
491 736
389 904
517 803
445 650
487 892
61 723
575 942
167 190
201 781
914 927
838 874
407 933
922 937
126 233
610 720
971 981
564 630
930 985
447 596
163 384
709 926
511 673
643 870
528 543
262 826
20 625
973 984
326 892
396 616
126 415
205 293
213 612
251 478
894 937
236 993
924 936
343 915
312 534
855 994
214 788
748 850
3 523
661 814
837 899
958 968
773 845
841 991
74 885
258 611
210 508
160 513
993 995
928 954
938 979
573 974
121 587
439 697
59 606
928 979
273 866
297 836
207 669
946 960
320 678
682 728
111 543
921 973
734 911
816 984
799 951
245 502
767 799
624 919
127 153
179 507
354 970
175 404
337 386
118 916
326 948
558 593
418 761
571 720
22 521
454 903
788 832
496 497
125 927
176 555
869 992
286 678
869 920
868 986
386 871
372 747
751 754
958 993
339 830
579 833
550 782
12 496
77 810
314 505
241 786
119 795
889 912
181 936
816 883
323 404
373 927
6 866
228 570
900 902
627 655
390 560
111 768
775 904
464 821
763 888
816 819
473 918
898 982
563 943
84 196
914 926
683 727
208 315
289 375
680 851
31 850
217 268
734 960
40 167
524 980
961 975
336 792
763 922
313 643
716 724
882 907
720 995
663 671
224 997
602 825
133 852
869 959
457 989
536 747
687 929
141 776
748 983
821 899
882 963
290 370
241 410
559 730
450 850
249 782
931 1000
327 626
346 700
786 979
797 841
305 687
77 266
952 977
749 827
610 844
416 939
442 664
945 952
642 822
9 625
753 847
453 510
667 996
471 729
634 888
549 817
764 890
797 987
198 504
91 961
709 747
834 959
803 917
407 576
209 478
733 802
984 993
2 185
961 974
642 764
467 589
298 675
677 776
834 967
689 741
3 336
452 761
502 809
47 982
810 973
328 629
184 825
472 981
320 852
489 665
248 314
208 775
38 411
902 971
77 433
843 845
185 224
487 649
336 433
176 550
596 719
489 853
523 848
552 584
13 783
560 678
697 861
147 732
294 868
257 615
884 985
840 930
595 788
154 620
440 855
61 536
945 971
956 998
717 759
942 960
431 744
375 502
10 195
988 990
419 465
407 841
779 843
705 745
867 979
45 317
966 990
190 630
931 976
902 955
759 765
952 967
714 897
993 998
240 633
380 744
296 926
164 398
374 375
252 917
162 660
271 471
142 726
895 956
987 1000
907 975
602 829
906 928
771 983
416 678
392 979
403 498
213 600
670 725
217 993
679 974
372 738
267 578
862 959
662 950
794 906
159 818
354 884
79 372
331 948
778 983
286 485
199 948
713 917
670 780
669 780
537 657
384 988
271 731
254 919
925 941
765 794
527 820
981 982
674 971
424 457
979 999
561 861
962 982
321 956
367 496
763 898
137 401
936 959
825 947
789 983
690 888
269 806
247 413
694 995
784 985
780 903
87 286
841 932
14 593
690 940
894 902
573 789
445 564
641 842
324 745
835 913
365 965
412 492
477 677
74 773
261 710
791 979
119 391
559 594
881 912
606 883
358 643
778 942
847 911
595 943
643 809
887 940
52 130
589 590
153 354
641 757
671 726
207 571
175 722
786 809
174 579
517 751
25 946
108 948
333 546
393 818
801 858
113 161
92 813
71 646
740 896
691 792
189 645
190 280
707 887
76 982
499 756
677 756
147 390
232 892
498 641
416 479
907 937
638 792
843 934
903 912
657 746
165 807
637 651
461 574
790 991
244 355
878 901
859 894
570 732
716 825
572 970
437 462
303 395
450 706
516 752
244 368
417 582
233 911
909 977
275 376
130 610
821 926
29 646
397 514
854 915
559 774
889 985
170 261
80 565
32 863
994 996
244 576
840 996
839 925
483 954
301 380
854 882
821 913
608 902
65 87
965 988
325 362
71 255
267 390
29 912
290 994
728 969
648 652
876 996
844 952
733 930
53 311
353 513
866 957
211 877
759 777
330 924
308 868
766 927
390 550
400 663
86 792
600 710
503 847
523 570
400 714
986 988
631 901
562 948
324 577
201 428
532 903
596 798
476 774
816 994
833 870
158 879
703 992
4 251
178 697
466 848
757 938
426 834
762 875
527 815
310 726
548 743
811 889
82 811
844 999
633 795
902 916
83 478
626 843
268 993
477 782
101 338
466 962
168 279
600 795
734 988
218 946
450 756
23 778
899 974
297 992
808 883
77 218
608 705
742 764
45 535
423 956
399 784
884 940
804 808
159 933
6 392
985 999
422 883
109 360
183 900
701 792
661 853
117 811
585 766
932 977
642 655
319 691
657 683
666 967
287 790
339 342
211 599
732 751
903 936
966 967
86 341
839 922
596 840
73 563
646 850
9 395
871 876
311 774
948 984
141 824
414 668
158 604
777 906
99 169
77 965
120 374
881 884
255 963
332 653
458 506
425 657
971 974
350 465
489 824
884 974
251 642
180 504
177 545
383 954
342 446
931 954
455 542
352 533
361 593
97 992
482 794
641 879
534 683
516 567
409 477
198 305
842 861
920 993
248 506
325 984
208 386
177 818
752 965
808 955
539 596
721 801
203 555
652 818
813 874
79 763
874 897
411 422
253 541
954 974
50 432
467 847
342 893
312 657
799 947
453 555
881 925
725 825
716 850
594 842
233 814
459 772
730 832
711 899
832 860
489 989
121 645
511 858
188 536
681 758
53 394
64 918
627 768
4 939
242 554
380 647
185 802
456 588
154 477
537 724
611 887
530 641
717 876
899 941
436 519
811 918
240 826
129 391
584 984
112 978
142 670
19 519
451 717
881 923
291 505
294 703
819 839
923 926
123 803
438 529
809 945
972 977
741 824
873 938
465 712
281 618
640 860
718 748
405 651
12 398
853 983
570 711
291 966
976 985
162 523
20 247
759 780
179 309
809 865
624 663
428 437
455 875
984 1000
247 342
337 855
655 788
529 707
28 246
601 725
575 959
834 989
609 838
618 860
664 979
655 667
765 981
511 748
702 878
173 519
776 799
360 386
259 707
547 773
322 706
610 661
32 623
564 695
148 929
969 986
99 399
457 758
460 961
88 615
288 592
55 422
441 725
964 986
160 406
489 594
572 763
66 720
17 40
570 821
614 832
290 968
598 967
408 794
280 658
467 521
858 990
436 951
103 291
601 729
157 479
359 425
199 491
516 783
785 888
266 626
976 987
722 833
9 526
20 635
463 555
325 930
667 825
852 963
962 969
136 730
714 778
355 469
181 314
932 957
570 667
694 930
670 920
313 526
686 966
327 931
315 677
653 835
705 1000
550 879
714 814
385 757
132 426
927 963
752 801
430 800
477 947
102 186
898 900
441 892
465 921
367 667
948 978
369 402
164 288
53 142
50 919
293 676
463 937
603 971
750 832
6 795
858 859
882 991
211 529
596 917
466 777
941 989
578 771
239 856
823 906
410 778
797 849
655 909
967 983
875 900
516 993
810 865
134 929
70 804
271 739
306 980
808 843
522 944
485 613
432 820
719 959
299 542
48 546
94 360
78 323
763 860
919 922
769 883
138 988
397 449
841 870
729 984
783 904
441 782
36 649
321 445
15 637
281 925
606 790
283 538
698 747
575 759
888 955
729 766
488 750
569 609
387 937
649 876
674 720
835 836
319 649
342 986
323 737
613 995
143 453
376 661
626 754
863 999
468 583
161 684
365 947
254 636
846 998
89 953
582 910
369 581
312 505
544 623
25 995
89 872
777 912
890 984
743 944
555 867
120 733
58 768
212 782
627 880
873 927
667 975
361 735
245 996
752 972
951 988
412 489
764 972
