1966 622
847 4092
3924 4242
740 1285
164 3454
4502 4972
2372 2614
1820 3952
4398 4767
2268 2976
871 3016
1758 1864
2134 3248
1586 2262
2540 3727
3052 3230
4965 4987
3179 4216
2040 2769
2028 3968
2295 2661
4488 4796
61 2453
4690 4850
4166 4366
3393 4261
4908 4945
3533 4458
1323 2279
2501 3565
356 1021
381 4172
2299 4425
4381 4864
2810 3405
1604 1877
3383 3799
3615 4181
1506 2964
3573 4779
2628 4916
1629 2955
829 1334
1876 3013
4771 4929
1946 2447
2714 3442
2385 4266
212 563
2927 3266
2342 3682
150 2795
2369 3687
1254 4430
3364 4635
638 3042
1570 3390
2394 2953
2050 3614
4907 4928
2716 2755
2978 3070
3727 4075
2993 4599
2973 3568
4683 4733
3600 4025
3475 3901
932 1176
511 964
1383 3823
1227 3712
336 4811
4021 4618
2042 3359
293 1295
4337 4637
3355 4690
1642 3599
1654 2645
3596 4437
4031 4069
1796 3522
3635 4145
3506 3948
4086 4279
261 563
2085 3123
1987 4141
1706 4870
1898 3607
2145 2726
2664 2875
2578 4894
959 3293
3303 4641
333 4383
3176 3367
3525 3957
4690 4775
2759 3973
3862 4508
3442 4524
1765 4447
2199 3586
3214 4231
611 2906
1568 1751
3236 4505
1047 4188
2209 4942
497 1868
3807 4973
3870 4697
3200 3648
28 1759
1286 1340
2110 2585
3244 4903
3123 4921
1823 4079
439 2092
1328 4079
4985 4991
4608 4850
4314 4765
218 866
282 1208
4006 4581
2106 4597
1138 1308
2972 3136
4286 4297
2434 3855
614 1312
4453 4918
3124 3545
2551 4143
1916 3910
3279 3474
634 1572
2999 4049
3556 4408
3641 3779
1606 4215
2478 4439
3462 3705
4575 4661
3046 4837
1335 2058
1225 2563
4050 4931
2775 3835
4440 4445
1384 1407
2556 3052
4466 4580
3987 4793
4925 4987
4313 4391
4267 4519
3370 3971
2924 3863
1479 4046
15 449
4995 4998
4459 4938
4657 4814
4152 4958
3612 4868
3623 4426
1154 2185
4893 4940
2787 3333
3552 3722
4963 4973
1457 2626
3049 3454
4720 4900
767 1399
3299 4622
1473 2824
3048 3718
1432 2664
191 356
4294 4385
2943 3347
1300 2048
4787 4914
4703 4743
959 1664
3927 4383
2483 4147
4909 4940
4014 4735
1813 3082
3013 3485
2677 4878
4341 4804
3280 4317
3284 4959
2567 3730
3592 4435
4819 4823
2060 2814
4427 4897
4598 4913
2986 3814
3185 4462
230 1509
4190 4260
3755 4467
4948 4999
2559 2934
2114 4095
1821 4443
3908 4044
1220 2197
567 3019
1088 4971
386 1724
3261 4880
4768 4943
4484 4753
153 4449
2012 2658
794 2478
262 2855
673 1671
2218 2469
2369 4867
1413 4409
1224 3908
3401 3668
668 3653
23 4548
1278 3337
3376 3692
1763 2985
3968 4107
3081 3426
1340 4924
2099 4208
3207 4308
2483 4124
2692 3390
3170 3297
3467 3525
2284 2362
2492 3117
705 1989
951 4427
4993 5000
127 2028
1896 4164
72 3978
4362 4552
3707 4485
2756 3463
4346 4948
1541 1980
3892 4623
2501 4195
4918 4923
1738 2786
4744 4902
3913 4608
684 2618
2590 3015
315 2956
4319 4807
2894 3228
1453 4376
355 4436
4254 4813
4899 4991
2048 2208
1647 4416
586 3342
4931 4949
2529 3008
4159 4681
9 595
1854 4408
2248 4797
151 432
88 4005
1188 2062
2949 3970
2827 4049
3184 4479
4956 4982
280 1697
3379 4391
525 4709
4171 4477
4588 4942
2319 3170
3585 4245
1434 2314
149 4070
3583 4149
2716 4384
3357 4015
1723 2772
2292 4386
711 958
3303 3843
4990 4995
1086 3597
2564 2920
1361 3902
756 2490
2079 4819
1772 4403
4091 4874
936 3580
2791 2824
3734 4902
1670 2352
768 2769
4254 4352
935 4202
2591 3806
4648 4946
1237 4953
622 2091
224 1708
1690 2767
287 2945
2690 4183
1332 2036
1763 1966
439 1755
472 2618
4047 4154
1636 4904
1130 2737
3924 4940
4430 4762
2969 3850
3326 3401
312 1797
1254 2722
1798 3014
1953 3443
4702 4802
2820 4392
2981 4078
918 4787
1841 2622
2854 3612
4380 4598
175 396
966 1749
2433 3751
4434 4944
340 2849
3220 3556
1145 2684
3801 4520
2917 2941
3658 3938
3667 3728
3429 3863
943 2297
2422 4870
4575 4603
644 4590
1323 4090
4319 4382
1485 4906
1976 4434
2727 2808
189 3325
3581 4055
4796 4832
351 1449
1500 3979
2341 3298
3566 4210
4433 4814
1395 4385
2832 4245
2115 4560
2746 4949
265 4723
1248 2747
4676 4777
4051 4534
980 1283
4881 4907
1304 1891
4516 4881
1147 3592
423 4836
2838 3168
387 1610
4456 4637
2157 4717
471 2890
3896 4472
1715 4348
3872 4451
4340 4404
1152 2332
3417 3510
23 2863
4338 4956
2953 3101
1642 3418
657 4135
267 2590
1630 4406
1607 4960
1410 2238
663 1427
88 118
2389 4519
4242 4780
3475 3608
759 3533
1382 3964
1640 3732
4501 4533
511 1040
1142 2929
1111 4763
854 3511
4209 4557
2271 2816
4812 4962
970 3346
578 621
1288 1465
2232 4466
3482 4106
4858 4950
1252 3402
2971 4070
3745 4253
3708 4058
3954 4008
4758 4901
4672 4772
2144 4549
4701 4933
2727 3391
2492 3150
2592 3822
2591 3448
4371 4867
2394 3497
3020 4783
1360 2652
798 2707
2693 3489
1447 3255
787 3328
271 4540
48 429
23 4577
1464 2377
2013 3541
3225 4017
1982 4573
3618 4504
2382 4462
731 3547
359 1147
1515 1742
3331 3341
3216 3552
3558 4959
364 4933
1825 3357
2813 4896
2864 3408
6 2844
2980 3178
3103 4277
1758 3765
2884 4657
4530 4905
749 3964
1293 1648
3679 4473
4302 4518
225 980
2344 2756
1035 1556
3742 4639
2864 4532
2604 4248
2533 4155
845 3637
3078 4121
631 4626
3566 4320
1864 4223
1341 3094
2333 2840
2748 4938
293 4554
1952 4468
1513 4689
3923 4397
4245 4609
3458 4359
3425 4514
1017 3043
98 3629
2931 4855
2299 3107
1157 2522
2950 3576
2173 4390
4623 4962
3968 4247
4017 4969
3156 4675
3911 4624
4166 4940
262 3825
2085 4510
1533 4184
4392 4573
146 3911
4688 4845
1086 1271
18 1924
2786 3421
2585 3929
3682 4859
1890 3012
464 984
294 3907
912 3868
1990 2911
3877 4974
519 4979
1338 2051
1609 1632
1587 3690
1562 2463
117 4223
3955 4625
2861 3948
4703 4911
4731 4799
2773 3259
2060 3142
789 1261
2768 3000
3153 3295
1696 4613
2034 2242
4011 4762
3175 3927
576 1272
1205 4177
3655 4532
4203 4588
882 2282
1184 1326
1393 3976
3735 4827
4316 4800
3616 4367
4635 4857
2025 4647
2050 3157
4677 4681
2191 3823
4619 4790
2347 2836
1292 3395
1542 2206
3200 4556
4456 4589
1508 4020
1551 3855
590 1175
2510 2638
662 4803
3777 3970
4341 4349
2284 3368
1613 4762
1538 2016
2095 4480
3269 3822
4327 4606
53 889
3270 4013
4906 4927
4027 4643
2816 3596
4021 4272
1353 4485
1378 2746
263 1991
1548 4534
4413 4890
4340 4671
1049 3546
1408 4744
2993 4178
4210 4651
3682 4429
2688 3008
3765 4758
2234 3300
1260 1719
2095 3892
4870 4999
4007 4721
3748 3924
2203 3739
4470 4572
4930 4969
76 1374
3139 4180
1443 4212
3147 4134
1468 1604
2621 3522
1986 3620
4365 4537
1568 3489
3757 4374
3177 3735
2736 4523
1698 4548
300 4990
452 4973
1568 4625
280 4630
4043 4385
2106 2340
1040 2574
424 3717
3434 4198
2041 3469
3592 4344
3262 4443
223 3404
1057 1623
3864 4698
2058 2751
3644 4729
2969 3722
4619 4672
1480 2087
2497 4602
1255 1513
4041 4729
4590 4610
2295 4855
1648 4788
24 3557
3334 3888
4092 4263
237 1132
1119 4896
3341 4988
2243 4520
3702 3851
2662 3724
4434 4884
1403 1494
2796 3834
2097 3166
3172 3873
491 1944
3502 4045
4617 4669
1945 4297
848 1663
4061 4943
4925 4961
3354 4847
1016 5000
3193 4089
3834 4903
3670 4851
1345 4104
3905 4960
1427 2597
2868 4009
578 4189
4246 4860
4292 4489
2424 4608
3165 3700
4361 4841
4293 4636
505 3177
3783 4549
4490 4924
2846 3427
1806 2761
3015 4241
624 2739
3454 4373
2366 4072
4136 4311
4815 4998
3289 3744
3201 3781
2564 3133
2097 3899
1757 2584
3925 4133
4056 4663
1296 1553
2098 4580
142 1360
2608 4238
2695 4197
1148 1470
4875 4941
503 4338
3036 3368
2840 4329
707 3641
4166 4737
897 4716
3609 4634
4993 4999
3973 4354
1029 4088
2615 4291
1084 4510
4473 4780
3804 4975
1364 2075
1854 4803
3597 3987
3340 3606
4481 4512
2538 3190
4452 4699
4912 4955
1270 3336
1864 3155
3511 3717
328 3149
4183 4490
1394 3191
801 3164
1674 4240
1402 3899
575 4927
2578 2956
248 1368
1130 3656
586 2036
4718 4853
1399 1596
2781 4075
2240 4159
3878 4184
913 2963
2583 3773
4878 4911
2536 2773
4287 4292
4378 4833
2117 2122
4297 4667
545 2679
4867 4883
4416 4986
3621 4994
551 4512
3404 4361
4145 4631
4550 4992
4018 4349
4641 4664
4248 4466
4750 4793
3241 4426
2341 4823
2905 4913
260 2485
1214 2928
1773 3975
3442 4198
862 2609
3445 3983
1997 4366
4801 4916
966 1704
955 3707
632 4567
1187 2841
4672 4723
1882 2825
4633 4921
1346 4413
1389 2072
547 2732
1029 4122
2162 3036
2447 2777
4613 4978
710 4191
3220 4151
2349 4484
3231 3667
578 3746
3640 4573
4208 4703
2255 3472
2915 3704
2236 3012
3984 4211
4535 4634
4000 4330
3549 3842
3019 4029
1794 2860
1922 3871
195 4701
1243 3690
1948 4121
4319 4377
2851 4770
3252 4321
4795 4802
2538 3479
1247 1504
1538 3284
1624 2296
1378 1851
3873 4470
1028 1158
1194 4764
4179 4394
2818 4383
2240 2325
2718 4271
1789 3415
2460 3014
3491 3813
2478 2971
886 2828
787 2922
3237 4040
2232 3030
1522 2817
549 2652
4667 4995
4171 4786
253 2558
3744 4676
2946 3862
3207 4708
2384 4161
3980 4326
558 4133
3266 4772
4883 4989
212 1263
153 4193
4372 4733
2684 3214
4980 5000
3454 3905
2373 3855
3939 4368
1902 3479
626 1798
2858 3678
4551 4677
2189 2575
1106 2210
4972 4986
3918 4302
835 920
860 1819
4149 4246
3470 3640
1064 1920
2446 4225
818 1878
3039 4400
1283 4125
4612 4848
233 4843
4087 4681
2369 4048
1804 3812
1464 4967
4898 4987
3186 4480
3844 4917
109 1938
2072 3184
4956 4988
4628 4717
934 1164
539 3343
1952 4046
4731 4813
3499 4592
1163 3108
3635 4947
3338 4424
2431 2846
2648 3180
4014 4696
3649 3922
1506 2398
787 4015
1834 3393
2099 3226
817 1287
3027 3925
23 494
2756 4707
4055 4971
4661 4881
1427 3741
1387 4482
3439 3759
2850 4915
4123 4818
2277 3467
4898 4985
4035 4557
3421 4986
3208 4492
3423 3756
1409 1822
1670 3506
1278 2712
4768 4941
3000 3101
4199 4669
73 4399
2968 4045
3495 3903
3105 4188
2489 3069
30 3185
4308 4450
1086 4457
775 3486
2390 2602
4051 4708
505 4691
2408 4373
4316 4622
3562 4702
3634 4043
981 3907
204 1640
1952 3262
4788 4843
1051 3022
4273 4338
2495 3545
2387 3258
4869 4883
4770 4914
1771 4081
4598 4711
4113 4148
326 2324
2629 3560
4682 4702
1455 4559
4919 4963
1049 3438
1340 2894
2730 3886
437 4432
3735 4270
1526 3558
2202 3707
184 1905
1957 4045
1453 4926
2817 3133
1914 2016
667 1014
1236 4191
3740 4336
2885 3631
4479 4623
4017 4055
3545 3942
2648 3692
2621 2848
1026 4159
3289 3529
87 4440
1354 2658
1712 2486
537 2120
4729 4752
3928 3959
2587 4240
2300 3996
4080 4735
218 3769
3074 4563
4149 4206
2374 3159
1049 1574
3094 4113
619 4849
3575 4816
3780 4703
1159 2933
4314 4563
1662 2787
647 3651
541 4337
1526 4720
4258 4787
1033 1448
2985 4961
3049 4981
2592 4722
1460 4168
2422 3503
2111 3143
4779 4855
169 4835
693 4840
1731 4092
1894 3664
2028 4759
1172 3552
2153 2739
3446 3812
537 2860
1067 1785
4844 4883
972 4639
3207 3323
4826 4879
696 2427
103 3180
2689 3322
2117 4288
3011 4164
972 4731
2130 2329
1249 4630
2591 2882
4612 4929
3889 3989
4740 4874
767 4698
2133 3874
1448 2192
1975 4316
2961 3922
3143 4134
966 3361
1798 3521
3271 4091
300 1799
3487 4461
4481 4976
2828 3572
4405 4562
1418 3380
1281 2367
41 658
1125 4058
1081 3143
2557 4557
2543 3112
4347 4827
2646 4970
1288 2786
4722 4742
3605 4639
1513 3818
1757 4478
2669 3953
1338 4245
1062 3386
4348 4586
4950 4971
173 4782
550 3556
2638 4853
4829 4982
95 4511
2042 3383
2742 4446
4151 4553
644 1943
1488 1726
1482 4079
4884 4927
3347 3363
4224 4481
2915 3501
2508 3138
3336 3537
1107 3789
1828 4958
535 1156
120 2830
4505 4933
8 2219
862 2298
1913 3081
364 1972
617 1059
433 1689
3873 4565
1741 4014
3579 4433
4568 4845
2630 2813
1471 3641
2531 3584
512 2927
2431 3817
819 4525
3784 4450
4746 4806
426 4058
109 1889
2134 4081
1647 4343
2888 4368
1937 3724
2667 4056
2243 2934
882 2768
3096 4892
3706 3911
1772 2982
2920 4943
3953 4865
4715 4925
4933 4974
4014 4710
2506 3992
151 3800
607 3189
415 1438
3216 3920
1821 4930
4610 4870
3297 4221
3759 4381
4295 4489
507 2289
2309 3778
2216 2467
600 1127
937 949
2819 3329
1650 2779
3227 4948
4939 4984
1801 2702
4755 4991
1564 2818
1983 2730
4851 4863
4087 4239
4384 4526
3038 3572
4820 4889
514 1849
1880 4377
2624 4431
4777 4847
3149 4196
3303 3457
3643 3909
4178 4496
734 3946
2640 4707
435 1800
4052 4721
3427 4277
4112 4597
4047 4433
744 1052
4303 4754
1553 2804
2651 3173
4565 4864
165 4834
2174 3412
2924 3109
117 1250
4885 4892
2273 3714
4667 4736
729 3445
1465 3714
483 1321
409 3906
557 4604
3264 4158
354 565
793 1340
1610 3997
4972 4987
2601 2809
3379 4755
716 2033
4003 4383
307 1523
888 1014
4530 4860
4208 4250
660 3331
4105 4455
2411 2650
1286 2196
3848 4639
3856 3876
4364 4644
305 3425
221 1736
687 849
1784 4405
4689 4703
4142 4284
73 1652
2488 3036
2684 3395
823 4295
324 2444
4929 4998
2383 2707
1358 3446
3783 4136
4891 4998
2806 4036
4950 4956
1209 4475
2307 2732
928 3519
4447 4534
2816 3187
1000 4218
3115 4434
633 4858
3149 4585
627 855
2220 3123
3227 4425
941 2463
3250 4170
2311 2810
4167 4527
3367 4522
3178 3634
1510 3251
4591 4711
4532 4796
1937 2505
1528 2397
221 4913
337 978
869 1320
2514 4772
1678 3478
2408 3413
1940 4359
2159 3864
3073 4522
3766 4532
3962 4710
1009 1017
312 2473
4727 4951
936 3115
335 4171
4597 4941
3678 4415
2640 4204
2227 3476
1251 1514
2120 4094
1573 3338
475 1461
311 1204
212 2214
4840 4968
4516 4863
2877 4343
4313 4983
1457 4866
417 1953
2649 3133
1844 2015
3556 4593
4401 4842
1743 2226
3042 3049
3539 4976
878 1518
3532 4948
2246 2280
250 3032
2215 2594
1029 4528
1739 2195
3832 4021
1206 3905
4498 4703
815 2659
3212 3536
1158 4517
2864 3743
1279 4273
275 2490
4086 4932
777 1270
730 3352
367 4942
2061 2738
2677 2790
3615 3951
2110 4249
663 3839
2968 3290
2736 2749
229 546
1146 3482
4 2526
3012 3945
2781 4314
3590 4279
1182 4339
3457 4335
1134 3028
2244 3733
3883 4513
4261 4592
621 4908
1489 2053
4789 4918
2686 4019
415 2327
2526 4210
376 790
780 1957
4235 4995
3308 4810
447 3029
1846 3271
812 4732
4368 4598
1832 3603
811 2606
2749 3820
1835 2243
4497 4743
1664 3885
907 4442
1810 4597
1604 1984
1776 3424
1144 3867
3300 4180
1689 3543
2532 4645
3396 4462
191 3259
3919 4051
900 4724
3583 4362
1090 3418
4641 4819
3587 4849
22 2506
1038 1566
3258 4878
2630 3655
380 4180
2440 2690
223 965
3116 3191
2889 4207
4457 4650
2571 3160
1887 3671
4317 4749
4713 4978
2025 4678
3257 3303
4143 4256
4316 4838
1583 4941
4874 4875
954 1397
1542 3973
138 3291
1220 4411
3813 4621
3837 4358
2791 3983
728 4418
3718 4578
726 4588
4786 4955
3893 4756
868 4849
2642 4544
3866 4507
4477 4666
144 1247
1231 4956
1271 4452
2147 4119
2912 3831
59 2844
42 3140
3354 3494
318 3090
4578 4682
4362 4818
717 1930
1396 4952
2547 3320
2893 4038
4919 4960
4887 4896
1763 4920
3653 4572
1868 3029
2042 2050
1952 3644
1282 4384
4044 4309
3239 4764
2158 4675
530 3655
3261 4772
2785 3588
2051 4619
3496 4418
1001 3331
2128 2154
2565 3533
548 3190
2126 3390
2588 4043
4319 4778
2168 4886
3765 4234
3355 4789
3087 4872
1417 3024
3731 4343
4545 4660
4872 4925
217 2937
747 3188
4234 4443
3967 4018
4597 4666
1093 4149
1025 4334
4642 4886
4190 4766
880 1308
858 2323
3320 4450
3124 3195
337 2692
1200 4114
3061 3671
2157 4472
2463 3199
4305 4743
872 4296
2189 4206
2682 4070
4130 4991
3156 3158
4352 4557
2474 4213
1543 3313
1975 4875
2069 4257
1747 2241
1598 2346
2917 4765
4236 4244
3786 4578
1320 4985
4928 4964
3446 4649
4338 4437
2203 4300
4455 4658
1277 4279
1160 1684
3518 3630
1509 2378
2299 4268
4951 4968
609 3209
4366 4660
3413 3478
3523 4137
753 764
2436 3941
4013 4748
4242 4788
3563 4052
4764 4991
387 4802
2206 2930
3137 4743
608 2375
2231 4939
3097 4064
4094 4786
3014 4787
2356 2670
1885 4321
4631 4952
3180 4064
3725 4218
604 2782
3961 4980
4822 4885
3781 4933
3998 4684
3822 3859
980 1610
3426 4231
2305 4359
775 1206
4359 4756
2825 3351
4326 4902
1730 2133
23 1179
2125 4401
1277 3209
1064 3408
1428 4454
3862 3930
32 603
778 4077
4088 4507
4024 4989
4973 4982
2771 2943
2371 3538
1109 2452
4105 4964
3604 4022
3071 4703
4044 4752
1611 3350
4893 4961
478 4873
4672 4675
3628 4202
4076 4973
2253 3354
4530 4958
1153 3180
4959 4981
1707 2164
108 2207
3357 4490
1669 1814
1655 2788
1912 4634
1360 2236
2437 4441
4843 4948
4861 4887
4617 4896
1027 4461
1804 1991
3962 4546
1962 3164
4241 4863
616 2552
3747 4923
2820 2875
42 4492
2373 4081
4933 4969
3281 4816
2096 3428
689 4846
4923 4938
3335 3504
520 1710
4701 4825
4493 4757
1633 3287
3980 4878
863 1557
1468 3361
50 2379
2746 3477
335 4854
1102 1441
2684 3350
2635 3714
193 1154
2447 4804
4702 4939
2104 3825
4391 4874
143 1765
425 3446
4530 4925
1438 3783
3372 3416
1464 3645
2083 4116
967 4039
3055 4079
4112 4613
2863 4203
2101 2404
4272 4799
4905 4975
1943 2901
2063 3076
2293 4632
2596 2870
1294 4898
1992 3535
1321 1581
4529 4702
4530 4993
450 4584
1436 4874
4814 4882
453 1683
414 4666
1400 2433
1920 2946
4588 4714
735 3261
2802 3503
1042 2072
1663 4100
1598 2284
3887 3925
3521 3903
4652 4728
2180 4209
2377 2781
4031 4682
2153 3839
3001 4616
1341 2590
4672 4922
45 772
1874 2880
1888 2855
2746 3542
4619 4753
3725 4360
2679 3118
4692 4796
2917 3296
629 2767
4329 4712
1313 3122
3272 4067
3819 4995
4367 4982
783 4178
4133 4159
1539 3165
1981 4471
2298 3606
3077 4765
3237 4851
498 4688
4459 4532
627 3413
331 1348
2999 3968
348 2824
1195 4653
2546 4610
2619 4117
220 2542
2388 4285
1492 2809
1416 4376
430 2466
3597 4709
4325 4505
984 1929
2560 3469
1445 1456
4886 4889
4400 4742
2296 4933
1108 4862
4842 4856
4455 4764
349 4090
3350 4413
4774 4975
953 3978
3131 4321
2202 4196
2499 3405
1454 3906
2092 3991
1350 1458
61 711
4257 4713
885 2874
460 2216
3085 3395
1695 2627
3202 3472
784 1494
749 4465
656 4329
4696 4721
4314 4707
157 4957
896 1331
916 3602
4395 4958
1441 2774
1807 3953
3776 4595
668 1904
4626 4844
4848 4964
2434 2797
4330 4950
2024 2904
1317 4768
917 2132
1209 3584
3463 3857
3672 4317
4532 4940
168 4774
1980 2013
4384 4500
1295 3407
1464 2924
3849 4178
926 3834
1192 4330
1668 1855
675 3365
4822 4912
754 2441
500 3687
1371 2835
3024 4382
4121 4523
2543 2659
436 4184
4328 4614
2646 4300
4667 4722
3464 3478
1174 4919
1159 2376
2594 4651
4631 4977
2060 3120
669 1258
3367 4320
2445 4614
985 4409
3708 4694
2080 4962
4941 4969
4063 4816
1262 2233
4437 4742
540 1007
3120 4381
1573 2116
128 2298
1360 1807
1664 3630
3475 3477
548 965
3948 4060
1129 4288
3514 3691
240 4300
4138 4655
517 4570
1942 2337
1423 4683
4843 4910
116 4257
2597 4749
2604 3383
1102 2682
602 2572
4432 4676
1017 3969
3986 4232
3885 4117
4229 4342
2889 4395
3694 4558
1343 2311
4971 4990
4316 4518
1659 1966
1898 3101
3312 3495
4221 4702
542 1576
1026 4014
3471 4687
1097 2977
279 1909
1701 3389
1049 4524
834 3721
2554 4853
1995 4264
44 251
2364 3674
1223 3967
3087 3327
953 4780
4589 4623
2337 2691
3322 4917
3015 4343
3184 4213
3847 4278
2669 3374
2002 3930
2511 2656
4963 4998
1251 4491
1861 3004
4576 4708
3772 4401
3780 4862
2024 3766
2663 2810
1914 4277
2605 3033
51 2568
239 2102
1509 4965
213 828
1928 2011
3446 4859
4510 4686
4298 4440
1551 1812
4942 4973
577 4715
592 2611
743 4914
2819 4822
936 1877
169 3493
4141 4171
449 1769
3823 4264
3868 4510
1576 4139
3962 4351
4607 4839
1020 4715
4856 4976
913 3179
502 1247
840 4453
4660 4886
1813 2800
3588 4213
1217 2632
1482 1593
385 408
3291 4095
853 2700
3821 4934
409 3075
709 952
1668 2641
3651 3783
4797 4954
598 4296
422 3511
2919 4780
4365 4894
3432 4327
1605 4832
1186 4633
3609 3756
4014 4205
3821 4849
859 4294
2367 3537
4445 4764
3966 4926
241 568
3431 4802
1002 3007
1162 4793
4562 4910
3422 4938
2792 3496
986 4490
1496 4298
4864 4972
2723 3727
2440 3791
203 3353
446 3287
1255 2973
239 4562
2989 4180
3864 4906
4246 4573
4040 4852
4838 4862
4498 4989
3396 4998
4779 4843
2293 2466
4960 4977
2141 3878
1141 3592
2140 4458
18 2708
2346 2478
445 1024
2118 2643
2540 3381
3224 3949
3789 4096
1330 1811
472 1912
367 2699
1405 1991
3858 4772
3701 4131
786 3414
2606 3352
1848 2349
3820 4277
3430 4398
4784 4927
2587 3209
