983 971
871 886
95 182
371 545
755 963
687 845
259 880
219 841
38 634
699 781
443 846
824 955
974 986
559 787
516 654
924 929
893 897
374 851
956 977
931 980
435 974
170 744
183 425
238 263
182 515
179 319
524 786
370 897
692 979
188 645
817 924
754 889
930 977
810 962
364 735
881 939
167 940
411 884
672 944
257 759
287 798
514 778
853 944
679 912
923 983
361 943
745 981
572 943
469 968
676 790
965 986
836 879
899 978
276 768
318 629
982 999
577 843
521 855
632 934
418 738
750 804
502 765
377 455
805 893
745 748
931 956
764 792
62 651
670 696
281 887
234 933
898 912
774 908
141 414
252 468
968 972
435 468
60 432
370 547
257 946
26 111
119 189
27 69
748 984
23 406
263 394
834 875
754 802
537 892
3 398
605 628
815 879
157 195
6 359
962 970
294 640
502 518
317 777
566 959
621 1000
48 972
272 684
885 965
724 803
486 717
97 774
705 867
860 887
26 485
809 842
532 832
801 902
500 764
337 485
897 941
267 536
622 837
670 680
718 790
688 718
261 296
136 302
176 275
466 704
522 992
727 744
254 493
733 961
77 334
84 690
235 875
812 972
728 913
264 965
435 721
540 925
6 161
38 432
420 585
115 640
743 788
248 353
104 125
188 957
239 347
224 250
535 878
477 942
319 868
659 854
219 921
930 957
748 955
446 882
525 536
597 900
54 957
430 968
597 690
944 951
681 927
376 396
533 594
627 815
298 680
317 337
897 985
424 528
109 423
205 999
690 699
833 949
63 484
654 903
476 690
912 988
630 668
7 299
26 408
315 394
226 1000
504 603
120 706
384 786
735 973
145 917
355 760
910 926
262 387
127 210
633 805
658 859
984 991
711 765
27 661
676 917
797 809
742 997
299 666
984 999
146 964
385 661
497 767
888 950
738 953
956 988
858 934
406 644
162 663
612 745
563 782
714 758
601 974
839 987
100 173
366 547
560 636
827 934
921 930
819 842
935 940
133 437
401 639
727 896
451 628
538 685
116 276
555 942
435 534
338 867
256 989
528 660
175 337
474 715
415 783
803 999
589 963
150 628
453 484
831 984
394 579
404 927
56 551
282 697
261 989
750 990
424 908
370 931
340 424
781 991
874 967
232 778
638 735
414 806
904 986
938 939
322 798
538 903
930 990
667 758
837 862
19 432
967 981
748 894
622 820
929 957
907 920
401 973
787 993
206 487
764 1000
602 900
198 700
825 982
143 152
629 977
446 940
261 787
581 670
480 690
991 993
360 364
929 992
547 976
687 721
774 926
498 972
692 864
472 746
900 965
473 502
83 712
774 863
179 957
770 971
416 678
693 763
57 224
513 709
477 779
161 172
291 862
480 482
377 412
552 988
393 971
455 665
893 980
317 828
666 735
497 851
553 918
938 958
80 345
846 927
313 655
663 823
671 873
532 963
944 950
522 847
217 618
612 884
870 909
819 949
645 691
317 359
240 709
576 695
537 680
64 179
116 808
840 938
879 926
220 547
366 446
344 813
373 544
511 738
892 930
474 612
945 991
454 676
953 971
336 499
103 347
482 677
772 946
868 964
191 556
145 960
140 379
277 841
650 844
411 762
289 899
516 814
708 873
762 865
771 954
892 983
960 979
546 865
654 998
76 453
317 722
497 587
266 629
453 942
91 282
324 713
132 161
108 468
173 541
80 980
906 1000
781 948
448 457
557 722
244 853
401 956
293 774
655 733
370 694
208 719
99 245
804 857
341 599
146 577
371 628
93 444
194 447
726 849
747 904
49 394
964 988
665 979
65 948
149 331
873 882
442 897
799 869
137 466
537 833
867 897
348 974
982 995
235 291
403 889
503 821
894 935
559 988
638 944
94 697
524 800
682 936
412 878
175 597
397 935
465 513
901 915
464 596
123 820
514 983
181 261
404 718
470 480
261 370
686 866
227 405
27 178
439 534
346 823
52 931
922 983
249 316
495 567
574 590
143 856
516 794
63 113
206 766
942 943
843 977
347 889
898 929
145 526
505 506
136 690
121 374
112 590
218 273
632 743
643 838
346 984
665 867
927 995
521 921
940 984
168 692
109 963
839 878
644 752
179 566
208 513
350 792
149 587
135 543
323 630
832 858
577 629
486 765
293 834
785 911
288 523
432 573
717 998
676 730
33 650
566 951
208 426
201 602
595 616
662 733
642 655
762 830
721 965
554 579
756 954
883 989
231 379
614 775
41 747
202 313
145 797
712 991
940 952
783 807
705 943
646 796
988 992
163 496
719 861
872 890
424 850
685 703
468 773
677 740
653 793
968 970
221 650
343 611
552 925
403 942
767 996
207 648
792 825
711 799
807 922
894 953
995 998
394 879
629 760
631 729
596 840
457 654
775 896
872 959
318 391
176 555
621 942
882 943
229 860
671 967
908 925
700 858
892 919
550 979
845 922
102 115
809 817
204 525
61 388
548 680
813 999
682 858
844 957
75 505
483 502
291 885
590 658
219 374
168 790
791 888
740 774
650 952
459 745
662 705
509 755
822 883
156 735
308 541
209 843
722 894
607 923
721 922
538 747
242 902
220 795
65 333
683 811
143 780
751 852
846 958
124 591
403 808
488 878
293 514
248 478
58 604
539 958
909 921
619 898
692 694
57 454
726 947
413 650
529 669
105 479
524 709
534 935
506 804
73 795
473 700
288 314
32 523
44 177
666 739
213 543
249 800
51 682
150 812
304 409
658 944
555 600
696 766
449 593
36 354
525 864
276 761
50 620
365 714
704 754
622 807
111 735
805 895
374 657
826 949
919 956
523 831
992 995
28 74
350 795
859 862
359 907
734 760
884 969
80 787
555 815
626 849
440 870
247 434
168 797
48 65
609 999
991 997
691 784
303 324
928 934
993 995
581 985
958 973
414 479
932 979
115 727
936 945
250 489
565 663
107 114
710 918
83 596
875 911
597 931
228 282
540 805
542 749
439 569
160 598
134 605
754 850
56 642
189 718
839 952
970 984
615 947
458 625
509 814
132 492
151 175
259 982
193 348
655 867
585 908
258 711
483 959
194 628
447 723
795 852
363 396
842 944
638 653
438 748
955 957
933 995
584 718
704 843
255 733
731 965
375 910
869 988
931 963
571 845
165 637
297 668
431 544
519 870
921 953
766 934
677 876
121 565
614 851
641 908
467 560
988 1000
992 999
465 837
937 989
572 751
171 322
241 922
919 942
420 882
512 875
741 830
418 689
935 976
586 794
308 971
733 869
688 849
685 691
412 454
213 679
105 223
12 977
859 952
332 952
326 742
184 950
855 939
803 824
541 849
493 699
636 757
457 554
619 629
354 386
312 818
145 877
726 753
11 349
417 907
669 984
995 996
898 960
656 951
210 439
760 917
337 507
343 654
583 890
745 870
478 765
89 605
220 807
377 625
372 753
822 869
918 949
554 970
666 986
232 447
602 842
245 653
885 920
603 708
525 967
167 169
417 902
759 852
666 759
695 797
746 926
623 717
866 991
631 635
811 999
138 354
722 834
3 640
87 555
799 963
203 962
191 471
406 429
12 381
900 915
314 351
586 773
485 875
126 204
983 998
182 329
826 943
934 943
275 427
892 954
552 591
935 973
295 323
562 849
215 295
429 558
192 793
317 793
949 962
879 885
715 888
472 536
159 393
875 955
361 676
825 991
112 983
196 356
835 892
31 362
123 403
108 490
795 814
518 933
945 1000
982 987
361 496
982 996
752 943
202 520
568 958
22 793
19 368
656 733
738 776
883 953
773 786
142 898
507 721
695 879
494 834
304 609
67 979
642 720
986 998
119 127
842 866
921 940
362 522
973 983
796 942
696 971
134 226
954 969
587 959
799 990
237 580
94 991
193 877
449 665
422 461
855 941
441 951
670 957
355 545
541 602
674 696
130 832
976 989
150 582
786 982
757 815
650 788
632 909
720 784
90 617
856 902
205 883
638 984
728 766
552 713
134 649
244 488
696 930
691 899
468 578
323 561
50 403
111 515
20 597
121 886
832 899
363 931
248 594
435 668
46 190
173 307
956 967
403 558
108 769
309 746
476 484
115 548
3 709
100 954
35 230
446 448
199 589
840 921
869 909
180 455
875 910
831 897
585 705
990 999
971 998
318 635
578 792
512 760
886 994
397 699
404 582
670 886
303 894
473 908
590 943
331 884
75 652
10 272
951 978
909 984
473 565
915 980
556 797
538 866
287 449
990 994
380 489
754 811
218 662
131 654
912 937
521 721
915 936
888 898
317 784
146 918
529 577
756 852
697 793
227 794
45 492
577 594
921 972
561 953
311 550
167 912
410 637
919 945
589 707
515 974
263 828
286 907
270 433
28 690
636 841
526 993
736 763
59 861
504 604
569 735
963 982
752 998
929 935
480 824
190 648
50 263
378 642
763 877
272 964
516 967
258 307
738 903
13 441
670 786
189 582
708 955
