5185 2938
4344 4374
3816 4327
426 1711
929 2452
3844 4349
3121 4235
837 2880
109 1885
3345 3918
1493 4630
3192 3519
591 1728
3646 3906
1085 1093
45 1761
1767 2447
1365 2550
2571 3386
4419 4629
1490 4319
1614 3184
2449 2538
2960 3810
1361 1958
2163 2430
2720 3955
4942 4980
29 4912
2770 3041
2541 3997
2509 4479
2588 3345
3944 4912
1444 1678
2100 2194
2931 4587
150 4648
3433 4183
3085 4270
76 3786
384 1867
1611 2099
2017 3911
2823 4923
2908 3936
3793 4015
4833 4928
2425 2576
3548 3735
1709 3105
4203 4829
2972 4853
1216 2609
2260 4493
756 3316
2597 3852
1455 4727
642 1862
2535 4517
1325 4275
399 1063
4922 4991
3327 3393
1946 4980
4867 4956
2051 3918
3457 3756
458 727
4045 4388
1698 2233
4622 4690
3392 3611
1384 3164
3057 3363
483 3929
2417 2996
3714 4985
1388 3527
3717 4717
2604 4567
2246 3439
3852 4679
1202 1664
3090 4774
4358 4542
4092 4981
2774 3512
732 4762
2232 4343
4492 4937
4121 4491
518 3432
4814 4984
283 2788
2979 4125
2302 4292
2171 3375
2787 3519
4758 4977
96 3982
4482 4739
2671 3793
3794 4386
4100 4763
2923 4348
2245 4884
2833 4507
2869 3576
3686 4433
2740 4863
1164 3333
1363 2177
2967 4887
3911 4491
647 4061
1409 3936
4760 4893
3449 4069
4533 4930
2219 2333
1604 2260
4806 4919
1482 2380
1480 4065
344 4208
1855 2534
445 1539
909 2209
1489 3466
1586 3832
294 3698
3813 4533
3117 4474
591 2266
1950 4891
3065 3067
2873 4534
2283 3963
944 3766
4485 4868
297 4803
2470 2859
2420 4654
4201 4549
4760 4836
2882 3412
3435 4274
4621 4950
4412 4791
3831 4123
1286 3727
3137 4292
3909 4317
1091 3584
746 3623
9 3138
886 3557
4637 4952
4420 4565
2668 4980
3080 3960
3538 4002
4044 4343
3930 4708
3146 4897
1304 3745
4867 4934
2466 4499
2058 3760
163 2778
2520 4535
2348 2935
3909 3958
1000 3704
3634 4137
2403 2567
1119 4506
3216 3244
3936 4497
1996 3939
303 2316
4017 4292
1269 4225
2342 3543
4034 4657
3890 4952
4948 4996
970 1037
1034 2266
2314 4500
2755 3971
4342 4370
3805 4522
2959 4356
4841 4875
300 324
2069 4336
3734 3955
4471 4667
121 3641
3505 4724
4717 4964
3159 4134
3212 4610
1611 2826
3811 3947
2489 2503
3547 4740
2347 4283
2549 3134
1357 3317
4500 4956
4079 4418
4408 4566
3488 4688
4437 4487
562 2447
2190 2539
517 727
2730 4489
564 3884
3988 4039
1012 4462
1004 1902
912 3831
1104 2303
3589 3896
1501 4003
1519 3215
1322 1598
1748 1927
4552 4608
3108 4635
591 2884
473 1443
3266 4544
1102 1143
3538 3726
2578 4583
4012 4374
3067 4941
458 1591
2416 3035
4660 4984
4145 4443
4547 4829
1809 2888
519 2450
2084 3245
4237 4374
1922 3443
3715 4512
1470 2008
155 2954
700 995
748 1771
4150 4759
3717 4206
3195 4991
3791 4775
2650 3091
4349 4380
4442 4836
441 1677
3519 4914
1829 4900
952 1296
4027 4868
1734 2307
3081 3807
1927 3115
2732 4161
3162 3937
1119 4080
2937 4150
3552 4294
4241 4279
4856 4912
1480 3101
520 1315
305 577
1528 2358
1604 1766
4016 4927
3942 4656
5 3503
3853 4469
3513 4176
3815 4761
819 2389
1269 3946
1304 1596
3071 4851
3161 4941
3849 4161
4524 4655
905 2042
1325 4399
2353 3317
273 4222
264 3085
3024 3672
484 663
3742 4709
1279 1762
2658 3851
3720 4212
1339 1477
1648 4576
206 4915
1890 4579
642 3928
2985 4379
2556 3312
3836 4577
2321 2595
3836 4171
1972 2692
1712 1892
4988 4995
2219 2245
3786 3911
3713 4554
1392 1577
274 4767
4253 4832
2869 3254
585 2527
4025 4120
3862 3973
1996 4635
415 4490
3256 4857
494 887
2094 3764
3654 4281
422 731
1595 2330
4168 4824
3298 3684
4354 4594
693 3265
886 1598
4441 4607
4903 4913
1758 4318
144 3759
4422 4789
3987 4421
4683 4876
4280 4921
1089 4062
103 2623
3680 4139
4544 4604
1138 2415
3960 4140
2160 3810
2565 3109
1065 3264
673 4537
2007 4863
692 4204
4728 4854
2261 2513
4037 4755
2039 2236
1639 4901
2345 3876
809 1398
3447 4090
3113 4654
4557 4558
2344 2883
4710 4725
3624 3918
155 542
3504 4053
874 4007
4605 4672
2633 2904
2512 3206
1127 2203
4079 4772
2649 3819
280 801
4445 4474
227 1224
416 1482
2927 4713
2116 4623
138 2032
4322 4762
1028 2513
1650 3004
2936 2987
1339 3733
1338 4316
782 2979
4346 4967
1404 3987
1181 3009
3561 4441
970 2336
2599 4426
1872 3761
4886 4942
1407 3216
398 1714
4365 4850
4027 4638
15 864
1041 4377
3438 4842
430 2131
10 280
4728 4849
3950 4676
3219 4170
1768 2593
2271 3095
2486 4790
4227 4593
1980 3482
2883 3900
510 4560
3285 4001
1173 1759
1954 3962
3127 3205
770 2160
3254 3457
2307 3124
2656 4611
3853 4947
748 2379
3085 4496
84 933
4194 4814
4808 4967
1515 4847
3189 3235
2600 2711
2558 4662
3138 4165
3902 4720
3686 4873
4568 4912
502 4899
1203 4475
3415 4159
4864 4870
4279 4491
2329 3503
638 862
716 3632
4756 4977
3386 4015
120 2370
1922 2218
311 1035
2464 3904
4964 5000
1712 3691
4234 4329
993 1973
2803 4538
3224 3231
3198 3973
1461 4537
4330 4543
2634 4218
2657 3104
4535 4888
3065 3575
821 2564
2409 3661
2194 4743
640 2012
630 4014
1521 2442
515 4988
3336 4190
1892 3635
3960 4461
2478 4192
2301 2647
4961 4983
1535 3263
251 1474
948 2160
4610 4895
4945 4982
1508 3285
1560 2896
4872 4899
2706 3019
504 4475
1130 4549
4256 4331
2610 3386
3835 4622
1878 4733
3907 4114
14 1600
1285 1743
762 3513
1246 2753
861 4475
2646 3396
4500 4990
4756 4917
848 3841
844 1373
1603 2449
2657 4191
1418 3297
688 2703
3305 4419
3819 4588
48 1011
4893 4941
1089 3890
28 4088
3123 3825
593 4613
2426 2491
959 4275
3926 4652
1602 3010
3132 3423
2382 4425
727 1628
2426 4098
2762 3022
4255 4698
414 2220
3448 3936
2222 4951
603 1798
2222 2616
4535 4780
3544 3913
4436 4832
2009 2386
3708 4437
1058 4379
687 729
1155 2634
136 311
2056 4360
3755 4540
4235 4316
437 2228
1589 4881
3628 3653
3867 4931
701 2988
4903 4991
3855 4896
186 621
1312 2921
4099 4545
4864 4874
1768 1866
3456 4938
3387 4273
3102 3133
1366 2753
1216 2457
1564 3294
630 3657
1777 3390
3454 3845
2221 2792
3850 4595
2349 2359
1012 4163
1388 4493
3751 3909
607 3730
296 3652
1227 2032
153 4199
2604 4481
1118 3036
1939 2256
2990 4911
256 374
1515 4843
3516 3692
2186 2725
3057 3742
1760 2383
2408 4532
4569 4616
2325 2780
869 4142
3073 3695
3022 4879
3915 4824
1975 4305
1152 2230
145 4613
105 3262
1096 2069
3943 4058
68 193
1733 3449
1906 3972
1935 3192
461 4562
1955 2112
3159 4970
2834 2922
4571 4724
3603 4525
842 1854
3036 4201
4344 4627
4778 4931
3201 3975
2474 3157
4842 4862
3677 3791
1739 3905
3186 3388
4207 4514
4521 4713
3350 3633
3739 4458
519 4569
33 4670
4628 4735
4645 4878
347 838
722 1680
2804 3393
3067 3765
2158 3288
3966 4261
1020 2094
2060 2162
2069 3661
1363 3939
2014 4890
2159 4584
3595 3958
4867 4903
4635 4662
2910 3416
81 3816
356 4406
327 541
4825 4931
964 2655
4353 4979
3628 4882
4729 4843
4396 4510
526 1287
350 898
3772 4395
4298 4853
570 2810
989 2649
2503 3563
3716 4328
2451 2458
2646 4759
4081 4558
3121 3440
1774 2853
2579 3420
3750 3931
1232 2677
650 4134
3588 4862
4246 4913
3235 3594
1613 2182
4025 4199
4115 4573
4698 4875
141 1330
3556 4105
4615 4868
4119 4668
1777 4052
1966 4680
1379 3098
4526 4928
2060 3345
2407 4935
885 2492
2125 3868
2931 4015
3988 4633
708 1663
907 2285
787 1631
2333 4719
1467 1672
4450 4844
1412 4019
2743 3811
819 4165
2699 3092
2557 2821
2399 3780
3365 4202
515 1058
2471 2754
1477 1639
776 4925
3332 3546
3784 4637
589 2442
3456 3512
4630 4908
2377 2819
4192 4524
2968 4906
622 4441
3117 3328
1396 4545
2017 2488
4404 4502
687 3805
3585 3821
2231 3487
4515 4748
3507 3588
1716 3825
1097 2661
1483 2270
2670 4837
585 1728
2509 2729
3819 4447
3632 4765
4704 4961
2097 3261
1362 4411
2101 3972
3856 4684
4957 4964
1101 3543
1662 3535
842 4490
1918 2465
2047 2734
737 4394
2107 4645
3802 4137
3949 4165
2442 4820
2065 4637
2920 3136
4446 4572
1694 4824
196 2953
4733 4980
4005 4901
4272 4891
2312 4792
2736 2974
2366 2911
4293 4724
2412 4111
3036 4620
1052 2240
1596 4697
270 279
3995 4962
1309 2589
3422 4777
2313 4037
4847 4966
2786 4934
4140 4476
118 1424
4728 4982
11 4427
3956 4910
3059 3148
1864 4057
18 3939
980 3999
1661 2354
1401 4894
4157 4401
3273 4607
839 3993
3423 4744
1878 4523
2244 2286
1681 4371
1934 4316
550 4677
3058 3949
4771 4850
1828 4840
770 3824
4569 4875
4515 4903
3643 3770
2135 4309
23 1231
3489 3606
3799 3829
1554 4692
1557 1993
1412 3289
3593 4555
3906 4499
4276 4353
205 4017
4951 4997
1676 1760
3638 4667
1651 1922
2786 3610
822 3848
732 2143
1805 3426
28 303
3513 3632
2459 3228
3186 3988
1362 4524
939 4603
3146 4558
1541 2430
1082 2732
3696 3998
3350 3404
2245 4112
4301 4508
2186 2564
1908 3639
3410 4762
4595 4961
3634 4025
1661 3003
4770 4835
380 1954
4372 4537
2997 4294
777 4325
2970 4641
1180 3750
2361 3107
58 4517
1221 4111
3486 3701
51 4557
3824 4492
655 4651
1234 2740
57 537
4932 4980
3915 4458
4684 4916
2698 4898
3380 3730
3223 4097
4579 4805
137 2019
3937 4541
896 1477
4400 4896
1801 2142
4871 4952
774 1438
2666 4335
1428 2742
2872 3043
2537 3043
4252 4337
698 1032
3992 4518
3848 4292
3631 4254
1240 2978
2281 4805
3684 4857
584 4817
1997 3186
746 3225
598 3683
2392 4087
787 2096
2834 4571
722 3528
1714 3173
853 4635
2664 3067
4069 4405
292 4002
478 2347
2341 3609
2167 4051
4117 4656
2842 4945
4154 4250
4183 4767
3700 4546
1610 4130
3323 4197
1017 1557
520 4117
2646 2802
2508 4004
3451 4687
4839 4867
1438 1477
3654 3948
2503 2673
4653 4709
4833 4846
554 1222
2417 4984
2395 3561
3540 4885
1902 2043
3553 4489
2431 3094
2723 4886
4180 4758
3240 4964
3821 4769
318 1772
2996 3968
2619 2982
913 2706
2241 3759
2787 3260
3198 4022
3683 4225
1068 1661
4444 4913
2929 4068
1485 2196
3374 3394
3295 3942
2093 2891
1276 3068
4228 4694
971 2144
3099 3172
1591 4943
1587 4287
3326 3826
4092 4989
4760 4931
4127 4154
930 4120
4544 4701
814 3589
2761 4185
1331 4801
105 478
1609 3656
272 2512
3896 4974
1680 1867
1838 3191
2577 3483
3017 3951
140 407
1001 4110
1573 2019
2556 3046
2031 2299
902 3778
2764 3809
3367 3714
2213 3468
537 3743
1439 2427
4024 4883
87 2584
3850 4326
454 2243
3142 4505
4697 4747
2315 4300
300 2430
31 3780
1209 1702
662 2688
2621 4129
1977 4494
3991 3998
17 4870
2641 4779
3218 3942
2600 3697
1767 4159
2420 4276
1227 4036
75 4924
4790 4841
1870 1893
4623 4778
732 2604
1943 2784
3138 4499
4788 4844
2309 2877
1693 4805
1388 1875
4965 4997
1819 3618
2508 3549
649 2179
4833 4953
4468 4566
2841 4788
4278 4293
2476 2533
4587 4672
4961 4972
2559 4112
2288 4215
4925 4969
1097 1892
3656 4779
4591 4915
1597 4635
839 1010
4086 4272
2415 4653
256 1882
2213 2875
2272 3912
2218 2544
2882 4159
925 3485
1994 2080
4947 4962
2304 3856
3623 4151
553 4487
3237 4231
1226 2890
3911 4038
3261 4517
4902 4908
1650 3719
2117 3473
4122 4823
1437 2944
3535 4798
1334 2904
1890 4209
501 2820
1859 3568
4033 4525
4292 4473
3837 4823
4021 4475
4642 4765
1938 3265
1807 2409
693 1699
3655 4991
3837 4943
95 1297
114 4100
1151 1610
385 914
3494 4398
1506 1996
170 2904
3572 4661
4260 4913
2785 3703
1343 3365
4198 4704
4604 4770
404 3016
75 4168
349 2017
1561 3808
2077 3214
2448 3391
1979 3796
547 4613
3908 4386
2694 4392
2124 3010
2982 3876
2 2580
980 4222
1220 2193
2579 3755
1926 3378
2048 3250
856 4778
2074 2556
4356 4893
2205 2384
1181 3915
863 1692
3600 4216
1192 3416
1815 3115
2672 3427
359 3892
3477 4262
27 964
2127 4280
3207 4717
720 1509
54 2627
2516 4812
3817 4102
1226 2715
4542 4986
2497 3636
679 4259
3497 4564
62 3777
3933 4569
3895 4098
2522 4655
612 2614
3465 3690
854 2804
4160 4797
3193 4266
1575 4333
3882 4950
4270 4646
1655 2259
243 440
992 3522
3322 4169
85 3922
2764 3721
2571 4590
2121 2980
1859 3858
3958 4477
564 2746
700 3087
3544 3639
3836 3946
1421 1628
1907 3651
4241 4849
1233 2089
2880 3841
523 4798
3517 3889
1827 3652
4031 4619
1100 2922
1336 4882
2974 3963
943 4573
3840 4449
591 4376
2646 4121
4976 5000
2001 2302
4224 4511
3042 4903
2514 4641
321 3169
3045 3752
1404 4886
1845 3406
4230 4651
3056 4293
2189 3914
3377 3828
4890 4914
255 3056
367 1147
1609 4638
3504 4581
3901 4134
3508 3907
3031 3481
3239 3470
4620 4639
3099 3744
1863 3291
1287 2977
2725 3868
2548 4565
2684 3383
1891 2082
3763 4435
1812 2169
4074 4442
2442 2809
2479 3085
4977 4988
4123 4838
3997 4780
1361 3300
1620 3232
3595 4151
4830 4837
4901 4926
869 4284
1287 3391
174 4878
2695 3739
215 400
4585 4769
3574 4981
938 3810
4307 4532
1506 4336
4759 4924
2612 3790
1669 4168
3238 4693
1320 1888
4959 4990
2355 4887
3258 4768
3723 4383
2174 3463
2708 2850
2334 3958
3862 4347
2149 2460
896 1580
4770 4797
4906 4959
876 3823
1100 3134
3456 3532
3861 4623
2636 4993
2109 2612
4314 4959
4486 4686
4823 4971
941 2975
1073 4777
549 3413
2306 2834
4872 4932
423 3595
898 1977
3670 3830
1768 4505
3608 3763
2241 2250
820 2538
4822 4977
1873 4257
3568 4601
4755 4883
2477 2926
1889 2461
4494 4743
4978 4990
4949 4981
149 1288
3343 4635
2186 2735
273 3443
307 3712
1394 2865
4833 4951
3933 4937
3450 3915
2676 4114
3900 4773
985 4629
217 4612
181 1763
4369 4827
1138 2483
2677 4363
654 3433
2238 3834
612 1634
631 1224
578 4799
1198 1498
1563 3605
3582 4290
3133 3630
4907 4955
1566 2353
690 3233
2178 2322
3391 4606
3170 3621
2631 3151
4841 4996
1225 1274
1660 3468
1605 1802
12 3077
2110 4141
4045 4550
603 4307
4586 4626
2598 3310
4767 4974
4319 4362
4722 4755
180 4799
2673 3069
935 2876
67 4468
1940 4435
3782 3835
1941 3482
2880 3347
331 1245
1603 3530
2621 3731
1814 3306
4637 4875
4823 4877
1934 2725
1450 2257
1023 4013
4846 4946
3884 3917
2240 4675
3935 4354
124 1938
159 4628
3505 3825
1175 2749
2147 2859
2810 3246
2591 3668
1649 3132
4433 4814
1511 4637
3536 3879
4015 4271
2745 2970
1360 4145
4284 4847
2385 3428
1167 1636
3595 3749
1000 3141
1029 2075
2964 3511
459 4060
1866 4566
3867 4346
3803 4163
4433 4599
2121 4839
3015 4326
1653 4551
3515 3579
374 2575
2788 4498
1866 3383
910 3297
44 3875
4730 4896
4167 4870
4940 4948
2800 4686
4061 4459
4521 4562
4903 4996
2521 4918
4003 4848
1745 3492
2085 2264
598 3568
2780 4536
3024 4168
2105 2909
826 2875
1044 2106
1178 4230
642 2225
650 2018
3044 4314
587 1657
4564 4897
4957 4974
4746 4934
2192 4785
3465 3707
3113 3696
3213 4120
3574 4076
679 1736
1726 4093
3017 4634
1911 3975
2047 3137
3090 3424
3762 4483
3442 4230
4983 4988
2280 3690
652 4812
2725 3383
3213 4888
533 3685
933 3227
4553 4705
1447 1562
4428 4938
4181 4384
141 3769
4083 4940
533 3253
2697 3340
1956 4538
3617 4750
78 2519
1292 3222
819 4152
2853 4380
4409 4562
4605 4947
2119 3117
2024 2770
1192 4069
1463 2529
3458 4464
3699 4189
1444 3140
4318 4358
1170 1883
3043 4253
1600 1606
2416 3267
3249 4527
4890 4969
97 1176
3620 4142
1254 4944
723 4451
2733 3385
522 4950
1786 4991
3605 4000
2922 4968
3767 3920
4798 4836
2265 2522
1213 1578
865 1534
2133 3888
3794 4257
1908 4697
3889 4770
4022 4093
3242 4984
3814 4445
2670 3676
3843 3860
1109 1227
2240 3653
4978 4997
580 4257
4518 4713
1840 3751
693 4721
2039 3410
3568 4371
1755 2503
2876 4196
4731 4847
1647 3661
4342 4419
2679 4907
3536 4656
2339 2916
4376 4648
2928 4015
2954 4354
4647 4836
1561 4311
420 3500
1100 4300
3179 4363
2436 3140
104 2803
2565 3080
1144 4728
2754 4459
1969 3351
3243 4987
2024 3025
4651 4808
4076 4212
4318 4534
3257 4641
980 4302
1185 4099
4955 4988
2465 4223
320 1056
2253 4659
2776 3397
3472 3900
144 3989
2806 3428
4239 4617
3204 4989
303 1696
2313 3581
3608 3775
200 1609
4746 4773
670 816
344 3128
4891 4984
3569 4497
4398 4685
4202 4809
2954 3770
3340 3424
2279 2679
1362 2194
3120 4724
4160 4516
159 1870
1193 3523
728 2377
2118 2685
4553 4709
3158 4662
2412 2667
3645 4016
1064 2251
1033 4668
2834 3839
4687 4789
3586 3937
1984 4615
4679 4985
4727 4979
4086 4602
1026 1929
1850 4264
1162 4135
2500 4680
4120 4345
2666 4869
3487 4566
1528 1660
1494 3927
2474 4490
3737 3855
2204 4723
2207 4208
2501 2700
74 810
1920 2729
1547 3557
2186 3025
1286 4361
1893 2700
2715 3477
3317 4267
202 3072
1454 1953
1339 4245
2908 4527
1337 3046
2002 4575
4613 4885
4700 4702
3763 4309
2041 3706
595 1197
1168 3623
4609 4719
1104 3705
3500 3931
3216 4106
3796 4108
1482 4834
3697 4937
2816 2857
2292 3417
2521 4811
3565 4764
787 1250
4358 4919
2878 4080
2692 3075
955 1553
4479 4833
3861 4455
1766 2056
371 3936
1539 2512
4129 4309
2717 3228
172 354
668 1121
2929 3987
3440 4052
989 999
3516 4795
4156 4507
457 4904
62 300
2448 3973
1460 3126
2904 4195
2917 3401
4492 4619
2826 3467
3510 3912
1620 3718
3940 4465
2668 4522
3928 4771
2055 4876
2131 4215
2314 3562
4156 4773
1584 4708
2217 3087
3187 3582
3973 4040
2471 3949
4813 4944
3886 4640
3744 4964
4121 4536
4757 4934
2258 4440
4158 4593
4554 4916
2421 3847
1609 4496
3976 4985
3030 3062
365 1401
2286 4172
3288 3489
4813 4893
1605 2062
1239 4447
1137 2914
1555 2871
2597 3165
3831 4653
1717 4533
1930 3423
4871 4881
4527 4824
222 4563
4542 4817
4225 4943
3224 4988
3427 4105
343 4199
219 1820
3933 4088
3043 4464
2728 3626
800 4673
1351 3527
1620 3779
3882 3986
4254 4854
3797 4834
1948 3381
911 1054
1607 1743
1358 3283
656 3971
3594 3850
2802 3789
1553 3936
2078 2809
1594 2565
3118 4382
4469 4908
1525 3405
3160 4711
4655 4765
557 4069
4147 4779
490 3619
3275 3442
1547 3592
4991 4996
3522 4065
4245 4502
2591 4912
4831 4955
530 1666
908 3321
4464 4806
946 1570
4725 4784
226 899
3380 4964
214 2726
875 3037
4640 4776
237 2326
2785 4639
2128 4304
3924 4146
1100 3365
2327 3506
4414 4889
2501 2616
1130 3466
3861 4054
3045 3417
2280 4599
2105 3254
3253 4810
506 4953
3307 4996
1485 3072
565 4385
1376 4296
326 3742
3158 4984
712 3143
2762 3080
320 754
2903 4317
2946 4614
647 1714
1598 2779
2990 4193
1860 2270
4787 4892
1433 1716
2795 4296
295 762
2993 3160
913 4645
255 3305
1091 1428
1112 4325
1367 4383
2472 4298
1851 2705
434 690
3785 4305
584 4611
4545 4613
4825 4978
323 4695
1389 1970
573 1981
2456 3623
1698 3727
1961 2707
4025 4466
2136 2775
4478 4873
4361 4840
4331 4679
1625 2312
4279 4320
1966 4861
1565 3809
2385 4522
574 936
2453 3197
4435 4669
4611 4673
3209 3288
2544 3028
1770 1840
3271 4994
587 3958
4472 4815
4520 4777
861 1340
3351 4886
4543 4875
431 4737
2389 4449
4606 4966
1337 4113
4198 4906
1446 2343
2286 3157
3794 4524
3844 4491
2276 4612
4401 4610
3457 4889
2012 3966
1893 2714
3028 3284
1330 4592
4720 4855
418 468
4644 4830
3903 4580
1174 2682
1516 4400
2120 3452
1214 3539
428 2798
4640 4700
3431 3786
313 2720
3389 4784
3814 4732
3569 4773
1149 4531
4040 4269
1218 1970
1983 2916
4481 4967
2548 2748
2318 2750
3378 4730
1202 1269
1210 2160
835 3415
243 1312
2874 2984
4621 4701
2367 3409
178 534
1749 3835
111 2257
59 1059
1453 3652
3744 4477
2047 3406
386 3151
2592 3331
3582 4955
2800 3133
4599 4853
1545 2247
4582 4934
347 1763
3883 4484
3255 4458
4741 4968
3174 3994
2769 3511
4493 4669
1884 2869
3817 4239
3945 4585
117 515
4821 4832
3841 4059
4946 4997
2369 2750
3820 4605
628 1154
650 3306
2463 3646
226 933
3651 4943
829 4480
4680 4794
1552 2445
925 4156
4879 4946
2839 4453
4545 4718
1446 3521
736 3224
4133 4412
1083 3800
1105 3763
2744 2789
4659 4916
2544 4915
2644 4958
2857 4208
2703 4665
4156 4971
1686 3365
2582 4720
168 3407
1019 3968
682 4121
85 3722
249 1388
1001 2435
3329 4887
1447 3477
93 505
648 2927
899 3634
3131 4293
4739 4942
740 2857
4376 4486
781 4525
381 3577
1581 1618
3828 4190
2131 4545
3951 4160
235 1847
94 4550
2058 2671
1791 4520
1601 4920
876 4840
102 2558
562 883
4744 4851
875 1827
3883 4779
1941 2705
1225 3810
4166 4467
4961 4993
268 3997
3343 4169
814 1324
2701 3612
820 4939
3641 3873
4672 4849
1672 1734
4380 4779
317 2112
2877 3929
733 4447
120 440
3937 4934
4886 4960
3870 4779
2166 4049
4168 4180
287 2687
723 3771
4762 4895
4939 4959
1428 2864
2459 2497
3278 4304
3127 4730
2101 2191
2161 4999
4319 4463
1474 2836
2747 4038
3819 4668
4575 4938
562 1899
4108 4458
3516 4237
878 1935
609 3041
2177 2303
4438 4508
2922 4868
1170 2462
4155 4243
4085 4813
1652 4915
2741 4851
1360 4671
4901 4949
1929 3370
1319 1542
874 4325
751 2010
2518 2856
2162 4685
2849 4117
1633 4632
4480 4510
1607 2074
670 4069
1260 3108
3657 4157
3165 3200
1924 4413
4137 4616
4811 4820
709 4698
1557 3286
2013 2253
677 3815
4859 4923
3610 3697
4403 4677
2818 3315
2103 2591
4671 4899
3651 4962
1576 4047
450 3692
1260 1503
2131 3349
623 3056
902 2452
1440 2994
4702 4840
4841 4952
965 3039
3424 3631
2300 2593
4764 4766
1156 3706
924 2142
735 3720
2112 4673
4374 4408
3569 3921
1668 4210
2022 3266
4780 4791
2463 3230
909 1091
1307 3227
311 3259
4936 4991
520 4707
1765 2796
2296 3163
3138 3813
3865 4679
798 4448
4976 4977
3389 3679
2271 4442
1504 3740
17 1006
3587 4195
1958 4747
3113 3679
1225 4650
2643 4267
2968 3488
1969 2402
3181 3252
235 3760
4923 4939
1671 2834
2639 4001
1114 2925
1654 2489
2101 4628
3242 4111
194 3130
4432 4806
940 4324
4333 4942
2722 3625
4981 4998
2713 4367
2196 2685
1938 4483
2785 3741
1759 2280
3106 4900
1699 3274
4180 4900
3981 4081
3908 4818
1345 4775
4930 4981
4465 4854
4152 4335
4823 4915
4445 4674
4983 5000
4668 4756
3553 4071
796 958
4856 4899
2971 3006
1081 1209
4357 4678
3263 4857
4931 4988
4777 4966
532 3598
4424 4496
1757 4761
1313 2386
3275 4373
252 1461
2979 3387
35 2164
1098 1597
1689 3821
927 3684
758 2046
2931 4274
211 2803
4284 4770
216 3603
3137 3143
158 1076
2907 4681
925 4151
3019 3381
2849 4555
3407 4227
953 3518
4917 4942
3963 4714
4283 4314
1683 2228
2114 2910
1532 4889
1432 2446
889 2573
4813 4834
4013 4112
4604 4688
2321 2352
460 3957
2471 2562
839 841
291 1706
2095 2222
2828 4670
1358 3482
3038 3962
2438 4135
1998 4199
1200 4665
1449 2396
4630 4702
1701 2299
1251 1677
3194 4576
4980 4996
1711 3906
669 3430
868 4618
2969 4771
4063 4976
328 1223
2133 2330
2514 3665
4797 4934
3842 4319
597 2754
2801 3764
3964 4459
1545 2377
73 525
3597 4754
2807 3841
386 4529
2714 3895
1376 3841
320 1434
4382 4709
2724 4993
4110 4617
1272 3497
4379 4902
1497 4466
1387 3657
918 2250
4191 4369
1698 4647
4736 4859
4994 4995
1261 3199
983 1455
1425 4116
545 712
1731 2334
1974 3093
3591 4827
3190 4360
100 1568
4432 4821
1600 2415
2370 2697
980 2159
3235 4309
93 595
4833 4838
1035 1990
837 3568
3400 4094
4480 4975
3522 3640
2344 2898
3605 4569
1850 3970
864 4244
249 4146
864 1527
3459 4870
1113 4731
2418 4294
4612 4941
658 1401
1367 1479
3479 3837
2838 4011
1446 4151
997 1718
935 1372
1390 4560
2009 4213
596 3644
3572 4473
1449 3472
4447 4563
1807 3913
2056 2567
2197 4866
799 3143
1407 4470
127 4670
1916 2402
1144 4958
4415 4759
3144 4600
3746 3835
596 1147
300 4442
4611 4705
1785 3470
971 2689
4877 4959
2725 4167
428 2305
3234 3368
4783 4833
1912 2020
677 1028
3652 4043
878 4369
57 2004
831 1742
3199 4003
230 2782
4652 4945
4374 4756
1547 4480
3847 4023
4967 4992
4109 4809
817 3358
3131 3532
816 3861
4323 4857
2225 4868
676 3160
2342 3532
3393 4816
1050 1999
3504 4894
4196 4471
238 1044
1629 3287
2833 4872
790 4302
3757 4212
2595 4284
4286 4328
2351 4311
4722 4894
146 3831
4130 4281
3593 3643
1400 3961
3083 4717
950 1803
2461 3340
518 4407
1187 1636
184 1080
4942 4961
4003 4042
3498 3917
4224 4834
1245 2241
4463 4471
1808 3578
4516 4993
4469 4918
3586 4423
2567 4570
286 1333
1384 4501
1322 2183
350 2263
3554 3673
2 2571
666 3223
288 1209
2285 2626
4270 4384
4047 4191
2221 3984
4506 4754
3462 4389
150 3806
4212 4259
1435 4461
1139 4990
1019 2125
4901 4958
4070 4233
679 4510
2933 3309
2261 3191
2047 2388
4587 4963
950 2289
122 810
4709 4798
4203 4293
3439 4419
4328 4453
599 1229
930 4415
1531 4084
3727 4258
4568 4667
628 1136
2231 2452
1035 4408
2575 3268
2599 4916
2735 4239
4307 4914
3757 4866
4445 4719
4111 4627
96 1825
3431 4885
3788 4579
3692 4394
2915 4245
1231 2270
3664 3666
2590 3346
3014 4328
4141 4886
2100 2372
4365 4621
3729 4980
1665 3770
2929 4906
2122 4787
1850 4659
106 2172
4110 4425
3379 4085
1389 2373
2908 3777
4639 4823
3110 4322
2258 4292
543 1299
2231 4800
1128 1554
3947 4173
668 1294
4245 4445
3603 4561
1947 2248
1073 1732
2572 4685
1341 4557
2661 4296
4196 4911
1811 3043
4494 4565
2665 3919
3758 4151
1309 4337
4026 4478
3797 4475
4579 4630
1188 4321
2607 3905
4896 4929
2729 4013
4563 4668
621 3148
3915 4813
864 4423
2191 4549
2673 2987
1370 2704
2624 3210
438 4707
242 1621
3193 4969
2862 4545
4093 4429
3497 3824
601 4239
2780 2999
173 177
723 4053
1277 3124
2183 2935
1966 3450
2783 3567
1260 3453
1858 2956
2788 4894
3503 4556
2376 2397
4609 4774
4018 4379
4267 4977
632 2361
3677 4708
4864 4906
236 3127
1680 3481
4319 4435
686 2326
4432 4528
727 4991
3810 4097
4672 4877
2816 3703
3485 4189
1233 4018
1393 3952
4490 4789
704 3311
1949 2741
4569 4892
3579 4081
4102 4925
3255 4705
725 3125
4271 4365
123 1130
3649 4286
1845 4062
3638 4932
3068 4254
4073 4299
2740 4087
2654 2894
1324 4562
4851 4991
4068 4975
3076 3413
3465 3616
1551 3292
901 1480
2080 2958
528 3965
4893 4995
4037 4694
4430 4827
3478 4486
1604 1887
4678 4776
1727 3994
4569 4714
2605 2719
3682 4221
1892 4931
4149 4156
3395 4282
1806 1830
2954 3303
717 4665
3503 4714
2353 2409
4988 4997
1962 2510
1035 1775
2792 3886
1144 4244
3987 4556
1016 1396
2813 4174
4656 4991
2007 4920
4097 4644
4754 4828
3781 4729
214 1757
917 2172
2439 2796
2924 3195
496 1821
2279 3593
4933 4997
4009 4838
4895 4948
2327 4172
3546 4305
208 4882
869 3772
2222 3052
1201 2415
4198 4292
919 4220
4842 5000
1126 3176
1033 4251
271 2533
2048 3990
2377 4909
4984 4990
1598 4623
878 4318
3698 4626
1926 4409
3112 4955
1370 3783
4832 4867
2354 3871
4970 4994
3444 4734
1438 3307
2341 3614
2562 4402
4016 4403
1701 4021
2385 4763
4476 4917
970 3431
581 4429
10 229
698 1315
4896 4949
321 3114
2060 4466
1351 2008
3071 3345
2009 4935
4142 4573
910 3323
113 1671
814 4833
4029 4209
3414 4922
2075 2398
3929 4844
3303 3442
2136 3379
315 3559
4515 4975
4323 4578
2234 3569
1947 3498
40 70
4218 4552
2592 4298
102 4418
2540 3786
2813 2919
1639 2274
3326 3373
825 3821
2657 4664
1896 2732
2394 4551
1566 4889
56 3977
4248 4668
4209 4253
335 3224
3814 4030
3591 4786
3801 4574
3723 4556
1272 4774
4441 4751
2052 4285
368 1467
4119 4881
108 1156
733 3913
943 4760
3151 4188
1772 2455
2623 4758
3203 4331
4555 4734
4930 4982
3040 4123
406 2937
923 1221
497 4571
3952 4619
1734 2982
2959 4672
85 886
4440 4760
3730 4774
2511 4302
1190 4586
934 4167
2675 4517
96 412
1781 2675
339 1697
1353 4118
4649 4721
178 573
518 1433
3647 3688
3022 3997
2468 3268
3261 3523
1363 2523
264 1697
407 3864
4170 4913
660 4029
2085 4294
4226 4937
904 2332
4484 4952
282 4334
156 4160
2224 4305
4966 4988
2563 3977
1258 4976
4457 4745
3896 4573
3009 3592
3539 3940
141 2179
645 1192
1038 2596
427 787
4483 4500
2162 3328
189 1896
4988 4991
681 4856
1520 2808
1639 1756
397 1090
2801 3444
3450 3768
2948 3325
4976 4998
2540 2918
1565 2130
2008 3306
4820 4886
1536 2022
4772 4901
728 2607
2765 3754
346 2292
1074 1532
3252 4336
178 654
2748 3218
3529 4143
3053 3863
279 981
3299 4372
1827 4028
4387 4431
1037 4186
4898 4960
338 1000
18 80
4535 4561
4901 4972
832 900
3349 3634
4800 4883
2165 3044
1729 3614
4264 4366
512 2449
1140 2946
4541 4888
3037 3914
1265 1893
167 3362
4936 4944
3637 4943
1456 4870
2799 3634
1269 1432
1381 3543
3605 4437
3585 3848
4777 4900
1809 4831
2317 2386
3773 4717
2716 3526
4402 4571
1319 2891
2223 3618
2627 4543
3869 4013
3486 3555
2540 4673
2079 3151
718 3024
1151 4580
4573 4872
1656 4259
4573 4947
3741 4184
4170 4645
531 2492
1648 2608
1421 2586
1858 3116
3995 4969
2581 3191
2363 2780
4448 4588
75 1066
2767 3633
4642 4777
2907 3360
4693 4799
4324 4912
1792 3349
2064 4759
3346 3848
3341 3367
4688 4722
3212 4522
849 4460
4149 4834
4387 4816
3647 4066
1628 2951
3889 4170
2382 3384
4916 4919
4055 4286
4889 4975
4031 4180
4266 4411
2440 4653
2131 4331
2878 3975
3518 4265
4892 4893
4826 4967
3059 3312
4477 4508
1639 2477
127 3006
4263 4563
3746 4645
2885 4228
3839 4999
99 3863
4104 4899
1053 2528
3543 4700
3808 4299
1510 4184
2322 3227
3219 3337
334 2385
4007 4334
2167 4692
904 1902
3730 4357
4449 4850
4367 4968
915 1626
934 2002
3562 4570
1381 3579
702 2895
3104 3929
3410 4455
4870 4886
3112 3200
448 629
217 4045
3144 3365
2554 3894
12 4730
1587 2145
1660 4701
4210 4930
4995 4997
4877 5000
2129 2756
2877 4100
1919 4723
3746 4726
1356 2520
4689 4991
2013 3840
3227 3343
154 3135
3194 4018
3071 4979
933 4951
4466 4720
2962 4434
2028 4508
4874 4878
4858 4997
4469 4773
2075 4840
2170 2457
2632 3539
4099 4748
3422 3951
1691 4946
468 3865
2925 3591
1389 2157
1887 2693
25 1838
4788 4833
3507 4587
1320 4124
125 838
2948 3480
3038 4523
4354 4812
403 901
1151 4315
3771 3981
3484 4364
3494 4867
2638 4613
1195 2601
971 2384
4808 4961
1561 4245
2380 2803
2422 2668
3910 4314
3916 4609
2929 4432
4151 4746
3223 3549
1877 3840
1204 3826
4181 4452
4066 4822
3369 4015
2249 4243
1928 4088
3002 4036
3446 4845
2926 4964
4589 4989
236 607
1925 2940
4117 4882
3879 4337
3748 4685
4847 4897
748 3044
2014 4949
3570 4731
2578 4216
2450 2653
4091 4725
2588 3324
798 1360
4933 4943
4679 4798
372 3653
4961 4968
825 2483
2901 3879
3113 3683
2133 2340
4427 4928
4180 4836
2406 4453
321 4949
2528 2632
4793 4812
1686 2177
3701 4723
4143 4171
2717 3591
3162 3515
82 2757
4774 4995
780 2319
2538 4970
104 4684
4023 4451
1866 2995
2485 4796
3733 4353
2034 2587
1729 4540
2813 4531
1145 3888
3218 3582
2341 3937
716 1171
2952 4773
4108 4800
2914 4623
4539 4786
1736 2914
4497 4859
401 1794
1615 1752
2944 4687
289 3510
3729 4347
354 2268
1546 4237
2773 2878
2382 4577
2491 3666
1097 2078
4175 4208
4916 4939
2927 3488
4580 4788
2489 3507
3794 4269
3223 4729
1718 2336
1902 2777
1856 2734
2583 3289
3416 3656
4845 4995
4505 4752
47 1474
2118 3596
4383 4670
4508 4900
3371 4387
1845 2948
3262 4669
937 4860
4150 4770
2374 4586
3412 4889
1083 2726
884 3126
2090 4763
4570 4833
1089 4665
2845 3766
238 3181
4450 4837
967 2183
4894 4981
281 3036
3279 3731
3595 3753
1391 4069
4775 4902
1224 2907
3234 4137
2470 3171
196 1255
3036 3700
1706 2727
3894 4308
3181 4472
1345 4207
3318 4562
2725 2826
3061 3965
3402 3639
1445 1891
3304 4606
2878 4900
1977 4958
478 635
2858 3083
2974 4470
900 2141
3486 4104
2063 2556
337 1942
1826 4718
1910 2852
2760 4091
3212 3958
157 3572
2828 4546
4772 4864
97 539
892 1467
536 695
2273 4564
2977 3793
4925 4943
3606 4604
2658 4079
2406 3989
480 2392
4994 4999
3036 3826
1504 2030
1616 1823
4410 4821
3048 3650
4495 4920
1654 3436
160 4837
1459 3576
2830 3693
2228 3557
2313 3203
866 1500
428 3914
3697 4480
1815 3445
597 1192
2611 2891
226 3140
1519 2789
4425 4776
941 1490
2930 4844
1731 4399
269 659
3846 4489
4450 4555
999 1010
3744 4369
2088 3845
3782 4160
1600 3084
4369 4849
4399 4852
3340 3484
2932 3820
1247 3112
4159 4405
2532 4021
464 3425
347 2159
2731 2952
1805 2930
1101 1602
643 1605
1763 4605
3889 4521
1072 4730
2535 3188
4207 4633
4373 4932
1980 3811
905 4348
260 1068
2604 2994
2278 4424
1889 4678
4043 4184
2275 2343
4690 4731
3071 3986
2372 3387
418 1207
2110 3375
3499 3874
4086 4576
1936 3918
3845 4083
1705 4171
806 3683
1591 2130
3024 3206
983 1954
4309 4868
2019 4640
3295 3725
356 2688
4819 4968
2572 2812
3317 4444
437 4359
3313 3879
849 4014
3058 3733
4162 4636
1934 4631
1484 2420
2740 4559
881 2884
4313 4342
4163 4937
4189 4561
3776 4935
3470 4266
3325 3657
525 656
540 3445
2335 4846
2218 2705
1061 1562
3891 4154
2387 3287
2741 4783
2925 3829
2782 3340
2612 4516
1139 3828
1333 3986
4934 4994
4198 4240
544 1772
142 4576
1963 4655
300 2023
1582 4050
4016 4192
213 4586
3281 4899
992 4768
4187 4603
397 586
3799 4568
2469 2498
4860 4915
3135 4270
767 2176
4990 4991
3946 4343
4037 4292
330 1961
1694 2931
200 4155
4466 4597
2230 4184
997 2699
3644 4356
2930 3127
3983 4747
2775 4200
2666 3538
2173 3549
358 3366
1331 3267
4981 4994
1834 4029
2500 4427
2298 3748
2961 3075
4410 4423
1691 4336
1053 1461
3035 4605
138 2730
204 1301
4356 4403
931 1444
1557 4054
2780 2864
1031 1248
4618 4836
857 4844
4423 4823
4175 4840
3884 4266
2246 2709
126 2061
1360 1852
1843 4187
4813 4846
2891 3057
4756 4887
4669 4963
1160 3829
597 4572
849 1930
2952 2954
3884 4391
1259 3291
3853 4076
904 1676
1837 2631
1656 3133
3519 4857
2475 4133
769 4817
489 2052
4132 4197
2707 2911
104 2237
4073 4474
767 4867
4827 4847
100 3833
2121 3600
3704 4492
2584 3348
4585 4599
2394 3301
4650 4733
910 1255
3291 3817
3244 4552
3446 3685
1540 2419
3673 4900
4886 4996
2850 4266
4498 4990
2698 3021
2498 3767
1295 3876
3838 4803
4915 4926
1022 4792
4380 4507
863 2671
232 3031
904 1953
1625 3537
37 2326
3963 4547
1544 3821
2678 3672
2807 4510
3575 4406
4775 4916
1705 3258
1046 3106
4025 4315
346 4876
3388 4627
1905 2660
1312 3687
3449 4654
4506 4710
4082 4445
3786 4534
323 2067
2568 4960
2606 2950
4207 4732
903 1351
2692 3770
3921 4685
3420 3529
1597 4425
169 725
1429 1739
1984 2854
2052 3998
3455 4056
3599 4779
1749 4179
889 1202
4511 4829
2437 4179
4766 4989
4687 4975
643 3687
954 3977
2851 4229
4814 4893
2488 4904
3367 4519
1549 4736
3825 4561
548 4380
955 4052
2375 2446
3362 4625
1541 4520
2771 3208
4246 4897
4896 4988
2228 3755
922 2884
1763 1775
2413 2586
3607 4031
411 4286
3398 3617
1193 4285
2787 3622
2539 4547
4819 4903
3014 3058
4587 4619
1561 3306
3357 3706
4672 4712
2014 4433
3311 4064
674 2373
2064 3662
1580 2322
1375 2716
2330 3251
1608 4384
1845 4844
3272 3683
4422 4548
4319 4765
4371 4888
1168 4442
4078 4919
3435 3683
1928 4309
4452 4739
434 3559
810 1595
881 1666
2291 2316
1272 3719
1569 3403
4021 4900
2966 4966
545 1247
1036 1106
1944 2651
4195 4663
1549 4980
4160 4598
814 1093
3037 3313
4744 4917
866 1819
230 673
3964 4954
2741 3849
403 4338
3766 4134
2582 2589
2472 4049
1808 4899
612 3537
4555 4824
2761 3928
824 1133
1447 1607
3117 3305
4963 4967
1396 4861
1983 2258
1728 3065
2167 3499
3530 4158
1314 2673
3600 4547
4417 4808
2267 2286
3356 4730
2794 2953
1083 2867
1575 3890
1436 4559
1482 4515
802 1424
4920 4957
4799 4995
2721 4793
1308 2249
2285 2669
3092 3705
3094 3274
3880 4957
4386 4535
1184 2986
2903 4785
4767 4884
2575 2637
912 3503
13 1812
3135 4810
3788 3936
575 3014
4383 4964
4274 4546
3124 4921
1325 3115
3073 4991
4694 4740
2900 3960
1552 4956
1495 3984
4412 4752
1151 2472
3495 4775
317 3257
2675 4004
4933 4958
947 4379
4166 4414
4126 4781
4403 4616
4183 4873
652 1719
4654 4899
33 3284
4763 4785
4162 4618
953 2284
4675 4724
4598 4869
2665 4397
3686 3722
1964 4344
1134 2568
4297 4543
3177 4941
2176 2551
240 1300
3519 3865
3853 4936
4185 4198
4147 4696
743 2411
1060 3713
1563 4080
1332 2570
957 4898
2685 3522
4456 4980
3103 3957
2664 4735
3216 3332
3349 4844
4111 4134
2510 4736
2597 3783
2511 4459
674 1178
4575 4916
4363 4857
1421 1595
4463 4551
2023 3664
2753 2945
319 2410
365 3260
1379 4217
182 1699
3057 3751
1454 1968
2996 4311
3142 3871
2983 4355
4441 4895
60 405
3551 4606
4199 4967
1103 3213
3721 4817
2026 4569
370 2845
3841 3886
1501 3052
1646 4025
3395 4010
3399 3990
1634 3264
3539 4537
4434 4956
950 1134
1100 2991
1986 2060
3020 4579
2888 4475
133 1669
1706 3955
1042 2272
4008 4873
4440 4448
3808 4551
4492 4899
2166 3088
3425 3449
1628 2723
1248 1819
1221 3030
4260 4532
2700 3327
1282 3339
2839 3950
4688 4890
2225 2732
247 4572
3738 4468
2490 3233
876 3010
844 1854
405 1114
3426 3952
3756 4934
4520 4883
4178 4949
4188 4840
1446 2069
4938 4982
1775 3402
1418 4878
3221 3625
3431 3838
1281 4708
3161 4604
2226 4912
1780 4084
2548 3935
3769 4621
708 2702
429 698
3516 4677
3419 4853
1008 1452
4460 4613
3056 3560
2160 4549
418 671
1928 3150
2424 2648
2168 4873
4185 4884
3233 4750
2605 4560
3338 4532
4929 4965
942 4597
2667 3888
3910 4612
3629 4068
661 862
1215 3418
71 814
3283 4154
433 3492
3757 4726
3608 4825
3713 4844
1169 2095
3947 4655
4805 4988
3577 3606
3167 4620
4372 4895
3827 4309
541 4156
3418 4505
3351 4320
2478 2617
3673 3950
372 3089
2046 2309
3206 3985
1298 2496
2776 4315
3794 4753
1194 3809
291 4173
4788 4896
4489 4753
441 3361
311 865
1173 3833
1798 3425
3367 4551
3691 4170
1380 3844
33 862
64 939
3107 4033
1675 1986
1417 3018
3293 3691
1046 1666
1472 3804
472 2566
189 1354
1829 3821
4282 4588
4106 4377
3526 4354
4194 4508
4020 4992
2900 3581
2525 3845
2435 3763
867 1745
4640 4999
1119 3577
2995 3403
2082 4605
3661 4083
1414 2234
4201 4357
1807 3080
3144 3444
404 1467
3448 4422
2642 4459
2622 4839
2026 2421
3049 4213
4455 4763
2237 2417
3418 4530
834 3958
4121 4978
2539 3951
4444 4947
4513 4797
2929 4319
3051 3903
2561 2632
1393 3183
3500 3840
2405 3901
244 2891
1359 2250
484 4878
334 2968
2854 4777
4049 4715
3896 4585
759 1180
1874 4852
2886 4371
3598 4855
1253 2682
528 2966
997 3285
4739 4906
2803 3654
364 4042
2701 3884
1571 3273
202 1448
1079 1562
1515 4469
4518 4918
4801 4887
2716 4109
3330 3513
1398 3500
216 2136
4848 4910
1382 2460
2731 3785
1803 3356
4409 4772
1798 4322
2918 3428
732 1855
4732 4864
1307 3444
640 2499
1548 2899
4114 4785
2486 3939
56 3248
1247 2445
3744 4371
2584 3262
161 295
2059 2726
594 1514
1741 4023
4157 4399
1083 3364
4029 4435
4659 4796
1757 2531
2120 2668
4725 4833
4138 4959
3560 3850
2217 2664
1398 4113
3763 4440
1050 4989
2418 3457
1496 3821
3327 3387
679 1593
4781 4871
4653 4666
4958 4967
4613 4965
2166 2805
863 4587
4438 4742
3321 4259
1608 3835
1541 3699
263 2444
3387 3551
1020 4569
3816 4905
383 2154
1527 3542
4915 4923
271 4463
3430 4263
4118 4934
3741 4626
2369 3390
4223 4817
1686 3837
2784 4316
105 4290
4496 4594
416 2026
3512 3857
2167 4315
1612 1810
8 4709
3599 4071
3258 4066
1216 1838
571 1582
2636 3161
391 4744
2242 4716
50 2435
2859 4709
1883 4652
4236 4388
481 3540
1499 4287
4689 4931
4170 4216
4170 4279
2033 4643
4208 4305
1826 4530
601 1862
4608 4930
281 2808
2022 4948
246 3045
2416 3104
709 3995
4167 4660
3875 3929
2563 4262
1133 1993
1649 3917
2940 3385
3781 4399
2660 4929
2245 4152
889 2964
4183 4918
1845 2981
94 2944
2021 2644
3595 3971
1380 3693
1552 3508
4177 4986
166 3185
865 3134
3970 4716
3627 4165
1666 3781
1836 2968
1609 2686
59 3146
204 1832
1459 3579
2003 3656
3278 3628
2334 5000
2538 3663
2647 4216
2814 4234
2454 3482
703 1299
1703 4589
2123 4628
471 4296
3437 3939
2586 3537
2590 4796
3805 4751
2616 4886
2393 2627
1631 3568
2639 3541
1362 2886
4295 4678
953 2803
1173 3266
4654 4835
1849 4900
152 2037
613 2640
3148 4964
606 3471
1910 3996
4676 4902
2898 3908
3330 3483
4373 4432
3300 4780
410 2224
40 2062
3522 4952
4884 4980
3751 3984
3198 3806
2073 4169
1805 2328
1300 2578
2731 3469
1404 3048
963 1078
929 2390
955 2178
2343 2391
3301 3809
1357 3517
2616 4976
4118 4958
431 3542
1207 4476
666 2432
2937 3594
2188 4895
1418 1716
4503 4584
2662 3007
706 1776
1819 4699
3037 3349
1443 2885
1760 4104
3597 3955
409 970
4965 4991
2439 4570
468 2409
1285 4921
3953 4879
175 3526
3856 4977
3668 4712
287 2537
3553 4895
3031 4485
4611 4774
857 1418
258 1143
394 2849
2586 3246
2428 4229
2621 3487
1241 4685
1696 4159
3704 4712
212 1859
3388 4577
3779 4588
520 2399
1350 4001
2499 3671
3704 4115
3048 4796
4724 4875
1387 3304
121 1278
3686 3942
538 4984
203 851
4734 4795
2847 4114
1023 3492
1254 1339
3332 3991
3379 4328
2816 3768
86 2409
3846 4182
3075 3348
4016 4908
1645 2014
4719 4772
2067 2400
4512 4791
3596 4964
4506 4633
1322 4889
3704 4819
2602 4082
1565 3922
457 3162
2986 3315
4610 4800
2102 3409
4702 4818
2859 4442
1711 2966
4570 4954
1011 2157
134 2548
1670 3567
4691 4786
4464 4622
2800 4036
355 4252
162 1595
4653 4791
655 850
8 509
2139 3826
3904 4237
4685 4813
1109 3665
2789 3406
567 755
133 2920
4327 4838
4073 4162
4507 4595
2076 4745
4972 4987
4181 4833
3266 4430
3709 4900
4277 4521
2798 4652
3510 3984
167 3137
2469 3449
3383 4316
1574 3330
450 3107
1268 3000
248 2115
2147 4065
357 2507
366 4276
3553 4323
1186 4667
1644 3976
307 4310
1305 4276
679 2210
3221 4086
1747 2811
2967 3285
3637 4025
4996 4998
3867 4229
4088 4548
3409 4570
856 4312
263 3995
2384 2754
2432 4526
2977 4663
2415 4164
604 957
785 4128
994 4497
168 3341
889 3366
2095 3339
2560 4038
2361 2770
2975 3878
3358 4084
1140 1890
3068 3816
3899 4074
1522 2849
179 1893
4646 4959
4709 4937
2036 3289
3164 4576
982 4074
470 1358
4634 4895
2289 3867
4766 4789
4405 4491
4758 4996
276 4742
4566 4808
3090 3247
4031 4565
3335 4326
2045 4607
3100 3825
3944 4179
163 4415
4650 4777
269 4309
969 4624
3846 4625
571 3647
1914 4881
3208 3974
724 2491
4599 4643
2096 3909
1233 4725
2403 4032
2098 4997
1813 4298
4543 4876
2011 4190
1636 2988
3608 4173
3201 4300
4458 4888
945 1112
2813 4606
3132 4591
1174 1779
2947 3083
1046 4982
1886 4034
1174 3558
4068 4731
1382 4851
3965 4477
2896 3053
2417 4067
1838 3937
4646 4739
4710 4733
619 2678
4903 4938
2168 2320
2713 3596
4616 4703
4830 4967
4143 4147
1039 2891
2956 4472
3809 4328
1419 4268
1299 3655
4905 4935
1145 3776
3399 4776
1708 4905
2086 2284
2120 2180
2915 3482
2652 4287
2458 4978
1685 1869
1176 3777
1343 2892
4699 4931
4481 4874
2749 3984
247 4120
527 2583
226 4194
2395 3787
4417 4450
2208 2623
2225 2605
3406 4405
2017 4496
3612 3906
3596 4315
673 2200
2114 3891
4636 4926
2169 4271
3725 4697
3678 4176
3643 4888
1230 2652
4343 4509
4084 4939
1660 4412
2467 4177
282 1075
3426 3642
2683 3675
1944 4059
1079 3294
1599 2038
828 1671
348 3509
2846 4525
4109 4654
3076 3924
1052 3388
514 3217
3965 4551
4183 4543
1522 2870
3046 3468
4026 4788
87 4457
1102 4775
2381 3785
1543 2605
3639 3968
2076 2743
1994 4463
1860 2018
851 3263
467 1027
3743 4530
3155 4683
4418 4903
72 4062
1566 2228
2805 3038
2691 2891
1427 3936
1702 3944
3033 4037
1213 2786
728 4755
1391 1506
4182 4350
1293 2381
4024 4640
337 1183
1414 2215
4847 4863
1040 3350
447 2712
4186 4841
1779 3560
434 3087
4240 4439
1048 1100
4392 4921
261 500
1317 2202
2764 3592
4940 4964
4762 4859
54 3293
3066 4127
2467 3380
4460 4598
2882 3197
2313 4351
4182 4640
1600 2422
1617 2247
556 2573
1542 1928
4420 4949
3688 4666
263 4796
2785 4129
3839 4574
226 3934
1393 2593
3514 4615
66 2362
948 4789
1165 3523
21 2307
2571 4669
3764 4538
340 946
2848 3723
1457 3946
3962 4817
4071 4555
2859 4282
3307 3647
2610 4386
3381 3790
2164 3828
4167 4969
1239 2838
3598 4528
2483 3431
4662 4959
4754 4906
599 4455
2228 2420
3239 3378
2283 4980
2898 4140
3690 4763
1224 1458
803 4883
49 3318
2816 2982
3239 3664
1503 1625
4300 4823
1202 3531
4681 4813
2409 2526
1411 4219
3320 4377
1010 3214
2266 4787
662 4975
2309 3756
846 3909
3008 3863
3009 3715
4962 4971
4562 4615
1624 4341
4928 4934
2168 2378
3630 4749
4135 4867
4093 4799
3881 4520
4915 4997
3156 3708
1112 4092
3561 3835
3195 4066
1291 1573
329 1562
2868 3362
2440 3185
4904 4992
611 2495
2770 2923
3619 4800
2734 3887
1844 2109
1358 4350
1638 3630
4672 4731
4143 4969
1251 3770
298 4030
2261 2815
3257 3293
3958 4615
1524 2174
2681 4884
4468 4722
475 3271
671 2651
1993 3758
2534 3357
408 3705
2113 4506
3870 4761
1774 2842
1707 3093
3102 4574
4485 4681
4716 4781
343 3444
1154 1378
610 4044
1070 2704
3396 4219
1552 4375
2575 4488
3737 3792
3238 4568
739 4581
2151 4008
4322 4342
4318 4999
2565 4572
1483 4249
2339 4340
1293 1498
462 3168
2007 2506
2171 2438
1332 4250
2095 3489
99 1961
47 3554
4396 4704
4179 4269
1546 2174
1056 2100
401 638
4170 4987
1057 4583
3179 3475
1808 3169
1530 2993
4339 4792
4009 4707
3362 3414
1942 3631
2588 4907
3346 4658
4677 4821
382 4215
2128 3975
3698 4465
1938 3254
2637 2915
4966 4971
691 4682
1418 2949
1966 3287
4697 4786
2440 3334
4142 4997
4751 4876
2380 4829
4463 4787
70 1864
1669 3461
1441 3363
2165 2483
3648 3829
1063 4919
1488 3881
610 4168
3519 3673
1843 2409
2506 4183
1166 4074
2947 3338
3623 4370
1967 3655
4455 4533
4875 4879
4292 4437
3850 4778
4636 4874
4975 4988
3518 4236
2891 3354
4259 4295
17 543
235 4567
4542 4824
3070 3297
3580 3809
2591 2886
2376 3336
461 524
915 2412
2561 4361
4030 4734
2022 3754
3056 3085
203 3627
638 1722
4886 4993
1474 3641
937 4115
4769 4805
486 4070
4918 4953
3990 4793
3292 4097
2768 4897
4826 4841
2334 2711
757 830
1816 3458
4322 4617
1555 4900
2083 3032
581 1452
3939 4974
3170 4541
781 1014
142 4339
4785 4797
3830 4455
4024 4289
3313 3690
2329 2992
69 2013
983 3499
2774 3604
987 4573
2362 2987
2031 4317
3190 3755
2666 3011
348 1398
3165 4261
1674 4797
4243 4759
2999 3685
1670 4439
3471 3815
4705 4780
128 3401
1385 3420
4478 4828
2722 3418
2457 3671
1260 3778
1668 4044
3446 4672
613 957
1229 4109
3342 4221
3248 4358
2712 3061
2510 3474
2638 4660
4056 4998
677 2945
1507 1782
473 587
4121 4646
2495 2855
2200 3126
1898 3844
4556 4746
2254 4952
4480 4992
3630 3702
178 4555
3737 4030
2827 3492
2018 4522
1640 4516
4123 4570
1925 3298
275 4550
2778 4967
2413 2851
3450 3820
2959 3563
3788 4398
3071 3868
2732 2833
4630 4839
1326 1518
2550 2782
2871 2930
3949 4633
1873 3405
2583 3657
1069 1393
3532 4792
2043 4484
1702 3999
2234 4074
4006 4995
4228 4980
3971 4426
4684 4901
4031 4376
1909 3406
1266 4829
104 1641
4862 4946
3467 4735
4657 4790
1420 4039
3237 4856
2256 3216
4623 4996
1209 3670
2033 2722
2205 4062
4764 4871
2941 3139
3886 4184
4596 4940
307 754
459 2159
1645 2649
4056 4841
1978 4583
2074 2822
3069 4579
267 2912
2107 4793
760 3742
792 2027
1241 3150
4362 4928
3016 3382
1328 2433
993 1211
4896 4938
204 1116
575 1867
1214 4083
169 2486
3586 4895
3530 4245
284 4232
4135 4381
4446 4624
3936 4996
4830 4982
4940 4947
4171 4266
1695 2224
2546 3230
1259 1386
3360 4605
4360 4992
1495 3572
140 2623
4911 4936
4480 4889
834 3100
793 1487
2230 3389
1266 1693
1639 2057
198 810
1032 1255
4550 4913
4460 4719
3385 4303
3035 4652
3702 4658
4558 4707
209 438
2926 3189
1457 3281
2032 4513
4657 4976
1705 2354
4767 4991
2365 2410
4374 4739
3881 4851
2589 4415
2378 3647
1893 3182
693 1113
13 1145
4036 4228
2306 4702
4163 4320
4236 4560
814 2510
2932 3165
3974 4672
4638 4924
544 1738
2845 4005
3836 4834
592 4665
3275 4624
2450 4779
4593 4816
307 2847
2857 4799
3686 4164
3938 4252
4906 4981
1406 2851
1156 3632
3888 4063
2298 3287
2843 3075
2319 4280
2011 3103
20 4255
491 2573
3544 3668
4787 4917
4740 4820
56 2491
3377 4513
3404 3877
4093 4528
800 2706
2301 2352
1363 3745
2578 4271
829 1113
170 432
2651 2673
380 4989
841 2688
4151 4201
4731 4803
3127 3508
2769 3349
4410 4528
992 3474
3955 4791
4924 4963
812 4804
3733 3810
3866 4256
1520 2232
768 2627
4286 4523
3387 4382
711 3249
2240 4182
1875 1981
1469 2696
468 2399
432 2562
1544 4549
3534 3806
900 3523
1374 3650
2347 5000
2862 2875
3772 4725
4886 4918
459 1784
2286 2907
471 2117
870 883
2292 4378
376 1083
2299 4843
800 4549
3865 4223
3489 3503
1822 4774
811 941
3008 3698
2782 3886
155 2201
2965 4011
4067 4205
4270 4397
4247 4309
4153 4942
2174 3034
3714 4991
1043 3565
596 4247
2068 3521
2826 3576
2946 3320
1566 4388
1392 2864
1082 4250
1582 3651
1764 4185
3790 4558
4361 4856
1760 3177
2749 4140
4448 4994
3322 4206
1222 2611
1044 3180
1549 4612
4454 4600
1593 3593
2253 4633
1352 3222
400 2035
3409 4851
2111 3572
2310 4322
3785 3798
650 4806
2134 4682
4333 4414
1983 2515
2581 4898
486 4535
667 4446
3662 4940
4030 4087
758 4194
4043 4489
4026 4083
4363 4423
4496 4510
4286 4865
1530 4650
1996 2224
3396 3429
2210 2427
1997 2511
3785 4816
688 1190
3002 3711
2265 4844
1250 3494
4298 4453
1394 2118
4306 4929
1337 3551
1760 2332
4670 4964
2484 4347
2362 4193
318 4532
4373 4689
4818 4855
335 4502
2544 4156
362 947
4837 4844
297 4840
471 4479
2948 4000
317 2511
3244 3624
1955 3232
4259 4975
4986 4991
2369 3743
1380 4624
4546 4833
899 2492
4782 4926
4342 4595
4944 4964
4078 4263
578 3192
3002 4617
2109 3521
3883 3914
2111 4679
1102 4197
4952 4986
3613 3658
30 1651
2278 4517
4757 4966
4811 4955
4040 4621
2605 4839
2575 2628
2907 4510
136 1119
4253 4843
1837 4123
22 1871
4826 4974
2753 4938
780 3248
650 3260
3255 4115
2720 4580
2099 3840
1942 2243
3113 4704
362 3746
3649 4943
277 4747
3406 3645
1678 4274
103 2002
4327 4495
2377 3083
563 4827
4636 4705
897 905
1090 2844
4452 4531
1353 3816
1513 3021
1964 2346
2270 3374
2339 4068
1235 3643
779 877
2527 3985
3269 3813
2945 3562
3088 3494
919 1601
4729 4930
4120 4830
2577 3244
2820 3984
2759 3269
2054 2644
4158 4266
2259 2535
1754 4932
1941 4912
2726 3721
1270 3463
502 1430
2992 3154
703 880
264 3957
4524 4759
1682 2541
3101 4142
1373 1670
36 2436
4783 4999
4982 4990
499 2677
1962 2199
3415 4246
30 2851
640 4519
4017 4665
206 1444
848 1869
1762 2614
2127 2692
3574 4583
1902 4152
4629 4881
3791 4798
908 4170
1063 3991
2209 2629
287 2253
4259 4727
3544 3998
4076 4802
2650 4900
411 2214
3535 4019
2085 3457
3921 4292
3028 4087
2348 4652
1193 2399
3456 3765
3812 4500
2260 2609
393 1475
3688 4324
1124 1461
3412 3773
2936 4614
3034 3862
4416 4783
857 4048
2150 2526
632 3644
4348 4946
4612 4841
4444 4730
4595 4676
3857 4144
1822 3618
203 1333
1345 1479
4941 4978
1519 4281
3197 4589
2577 4352
3988 4029
2445 4714
2852 4243
1523 2677
1484 1697
4252 4588
165 330
761 1047
1746 3225
2607 3608
2495 2565
1619 3671
1771 3968
2571 3119
2613 3267
1616 4961
3340 3985
2548 2764
4268 4700
1184 3762
2143 3663
2666 4917
757 3984
1276 2012
2967 4904
1101 1390
3039 3927
4623 4742
4739 4928
97 4476
3568 3954
1801 3744
2818 3199
3220 4419
3505 4319
2549 2847
1674 1840
2494 3330
2673 2965
3676 4917
63 4978
2580 3717
590 999
1368 2339
3898 4370
1313 1608
385 2814
2240 3284
452 4735
1533 3444
977 4024
3484 3728
4815 4977
3800 4078
1890 4571
683 2456
2112 2755
1758 2419
1773 4027
2090 4482
4768 4855
4894 4960
2287 3315
1181 4121
4168 4674
1447 1795
1599 4882
4442 4485
4228 4501
4513 4705
2724 3344
4174 4987
4622 4693
2638 3312
3117 3246
2967 2978
4386 4961
3075 3835
3595 3868
2876 3813
2267 3761
4635 4838
3964 4003
2611 4956
3003 4542
1053 3323
1403 1741
4083 4584
795 1790
4654 4762
2017 4085
4811 4838
2345 3771
4709 4832
2533 4400
4632 4753
2614 3209
4544 4547
3683 4768
1375 4785
2115 4381
1556 2398
539 3655
626 2689
3068 4176
1146 1862
2424 4127
1714 4665
3496 4226
3939 4479
1642 2789
4932 4968
3316 3648
706 3427
1281 4995
1671 3232
4176 4471
4492 4789
570 762
4370 4594
251 4566
3728 4574
2236 4243
3061 4758
1746 4554
2855 3888
1714 4988
3700 4251
1876 3764
2415 3971
4019 4784
2356 3156
754 4561
1033 2482
4698 4770
2698 4798
3111 3458
64 4429
2039 2725
77 3036
2110 3758
3617 4913
408 3533
3943 4241
3627 4382
4215 4916
1092 1490
4808 4814
1836 3140
3836 3865
4120 4244
1240 4413
792 2665
2535 4135
2369 4821
2609 4499
3668 3804
471 2307
4648 4879
1134 2123
3422 4170
1148 1808
3981 4127
4323 4747
433 3018
36 2648
3241 4077
3631 4497
2500 4583
4122 4272
4926 4954
2919 3448
3797 4281
1511 2097
2097 2544
968 2152
2971 3063
77 2457
4501 4541
2143 4011
1405 1784
3140 3433
2412 4312
1830 2894
1900 3788
4282 4584
1770 4534
4216 4714
1512 4660
1105 4253
4005 4965
3491 4760
4576 4637
1642 4974
1387 2262
2235 4785
4249 4490
3333 4003
3145 4676
709 4760
2783 2813
2181 2876
4399 4956
3538 4071
724 2339
2287 4380
3745 4169
2149 3672
1963 3261
1419 3068
2657 2761
4015 4240
3200 4611
3112 3777
2388 4778
2313 4896
230 355
2306 3959
3312 3390
1495 1793
1228 3579
443 3926
1130 2465
4503 4575
2751 4118
1721 2923
3729 4562
716 1318
1655 2889
1546 1990
2510 3247
567 3674
3387 4325
2445 3233
424 4010
4213 4635
230 3465
4075 4917
3475 4445
3857 4118
2082 2590
2395 3496
4616 4689
1702 2579
4659 4896
2824 4677
2816 4399
3319 3976
1985 4482
1765 4323
1166 1754
999 2157
661 2308
1832 2993
1311 3060
389 4151
2313 3521
4824 4828
4804 4893
2692 3413
941 1208
942 1586
1995 3935
4863 4875
913 2584
4588 4717
3417 3566
606 2996
4671 4876
150 2280
1266 3451
301 1358
2032 3390
4479 4490
3377 4710
2294 2319
1779 3756
2507 4832
2878 3853
1375 3616
4858 4948
295 2855
648 2492
4577 4963
1690 4384
70 4879
4767 4927
269 1061
475 2423
108 3260
1555 3035
2808 3096
471 3998
3905 4060
2035 3956
1562 4781
4212 4595
4016 4306
3634 4945
3264 4647
4125 4431
1009 1220
2245 3760
1500 1649
1724 3438
3093 4773
3126 4584
1207 3089
3421 3800
3459 4599
1811 2252
1951 2070
4960 4967
716 1380
4191 4481
3460 3708
4679 4785
4777 4982
2849 4175
3018 4140
1158 2377
1319 4224
3813 4188
3198 3214
1914 2992
2340 3693
