1000
653161 267855 0 130575 375952 15208
118707 389855 0 285087 61482 129276
13753 766703 4579 0 3551 427978
798938 835871 647942 0 75426 145509
138666 1863 138666 339 1393 429
328889 208552 0 53681 282709 177690
937158 401840 0 217530 313303 11310
276628 68305 276628 44288 173988 39500
372614 858280 372614 331133 160466 504098
495494 738901 134313 738901 92338 59770
18947 575739 12332 0 13725 383973
742140 189709 124802 189709 654011 51517
537393 372029 113301 372029 263082 242667
38412 454010 22330 0 5976 109306
356475 289069 163813 0 285813 48273
837576 81996 756164 0 657254 19513
755111 50912 0 26600 84891 39365
776533 622814 0 442244 360535 262364
960570 669333 0 217118 34311 517540
661023 940046 177021 0 433925 111811
61627 885769 61627 475167 27568 309134
511873 722302 251156 722302 382471 333135
423405 945671 423405 861987 76812 118029
909955 354922 515754 0 188870 46734
824206 833779 824206 616021 812540 372978
381087 586485 254638 586485 369345 294495
681253 187329 497343 187329 608868 3036
704270 286981 524654 286981 485427 151429
675351 362370 180851 362370 428311 183525
350582 543310 104151 543310 74375 174245
725014 82668 180173 82668 703446 54609
654037 580082 205100 0 283856 28964
229680 795868 229680 753362 179820 189303
237234 173798 237234 83191 14194 35004
202754 574957 121983 0 9348 435673
618834 214295 392178 214295 249401 188224
998358 292059 908487 0 897429 214981
576648 643370 309624 643370 316023 99428
368700 858284 214561 858284 67717 439461
149017 164392 0 52207 100335 147813
368173 861128 200201 0 346900 994
341250 660034 341250 452653 295853 394106
305656 502872 83376 502872 199115 201270
520416 263266 167327 263266 217838 10314
150253 500105 116252 0 6233 63904
819680 143069 503627 0 411450 3462
980685 497318 257593 0 819890 19275
756503 299610 0 248843 307431 258089
797337 132156 559413 0 315297 74016
486894 366756 0 309751 189289 357440
2975 264686 0 56413 2267 238873
450544 816195 311894 816195 423379 448510
498830 410902 103005 0 357737 377283
318402 876903 226922 876903 1692 728364
954914 326057 501651 326057 149616 86744
564077 160987 564077 17935 446233 153578
859408 89336 695836 89336 830211 8247
72044 424946 0 64150 63792 25634
747053 938316 0 459245 141166 306702
640275 194288 0 163159 434044 42253
582497 113473 0 36683 397620 97718
778399 417891 778399 226319 654018 70430
718776 629375 0 392375 513219 513362
731170 309042 662014 0 158450 298136
276036 66257 276036 17534 123540 33318
475361 772543 475361 747945 203898 188032
89386 601072 11950 0 87550 37693
408791 919526 408791 112799 242555 503808
56267 889449 0 832996 9883 450191
87848 955682 27721 955682 87172 515319
876419 246437 643571 246437 303880 87364
396509 143054 339680 143054 378915 93930
542630 38118 0 4147 225319 11832
34778 195395 2585 195395 13265 51275
462 447731 455 447731 241 157573
488191 484337 0 342549 52297 100455
392834 911285 246237 0 202196 911125
290910 858183 0 704628 84693 786818
505453 939901 484714 939901 16828 361024
983505 61756 706544 0 721121 1425
123643 823501 0 475925 87631 340043
35162 210789 35162 172089 1634 150660
955960 741043 326987 741043 381948 713583
296899 70129 0 23022 245387 21412
677249 638250 677249 484352 451568 283862
817118 714425 47131 0 430094 178004
751344 74679 0 61769 248508 64378
675542 52910 63060 52910 521581 26039
467537 320812 0 19715 335804 26918
729527 533338 729527 245076 671670 421903
829214 113227 0 78418 91037 71033
655307 18255 374985 18255 462644 17683
547690 655466 0 470854 139185 12954
145456 326861 69069 0 126674 45946
136121 562835 64185 0 21492 494519
289233 64428 289233 3147 258296 45915
925537 391920 441007 0 103318 37684
939620 299799 602646 0 685872 68967
856479 720977 763384 720977 687299 19624
111714 851525 73653 0 105547 400982
321332 177591 260948 177591 72001 68837
35691 66611 0 15946 35547 3656
866622 374499 866622 8715 457133 135355
131412 380017 0 6525 52740 173211
762141 99928 762141 22438 281187 69510
801830 984129 450318 984129 455669 833383
467488 959440 467488 455243 119691 483391
50783 804785 34904 0 43777 168388
108595 133044 0 13713 106727 109959
34469 953127 23218 0 15456 505408
211108 290504 147438 0 52732 158979
384462 368860 32540 368860 130149 347676
366136 150005 0 100027 74883 62477
177794 416277 73779 416277 25879 395108
716078 492985 716078 419624 559694 326686
722124 10573 722124 9612 108568 8385
23298 332656 19996 332656 22215 14182
572162 737514 572162 562790 418492 471597
380422 622390 108416 0 10569 547576
28668 91510 20010 91510 25354 46645
974328 15164 0 1180 287938 11733
702486 315195 0 253276 368472 294636
250701 358571 250701 206260 205962 285191
396342 186788 276999 186788 393637 171205
339967 114196 0 32638 290153 90221
308133 320425 87777 0 140333 40862
235563 687734 148345 687734 16434 597605
241974 446058 156296 446058 126678 277228
294388 88527 0 3994 173383 24542
310019 589904 227451 0 290988 192810
677758 824970 79909 0 346182 764332
875179 544562 198559 0 76326 333916
936848 730650 0 105692 645175 499867
705017 164257 352044 0 117023 24335
602905 794892 602905 191926 462573 771979
107881 853752 27055 0 8449 204991
480956 934173 480956 87851 356779 779021
987154 569867 5892 0 488636 393407
716938 3445 716938 3040 519581 1561
796702 983161 796702 16600 756289 746954
371343 787414 200327 787414 102457 360330
673695 730718 115228 730718 92910 603645
988885 889208 988885 52842 66317 544467
249392 284228 249392 142103 174640 38470
453455 188652 453455 64232 283829 101263
373053 135285 0 94645 43844 1344
263041 589647 0 55707 240245 401414
842508 464146 544430 464146 12791 247406
532482 23593 411792 0 55570 5244
226071 24978 108332 0 110529 23700
855277 792983 855277 317695 174667 354858
874732 80453 874732 55235 387448 28403
146021 492661 0 349441 95267 150214
794865 479898 794865 199845 80650 38749
928335 156845 783657 156845 206077 4845
142959 490899 0 324499 62012 40508
193781 851852 69913 851852 112465 89737
812843 225027 812843 184026 159362 77014
116376 110985 49150 110985 84346 52354
574167 609960 0 275840 464901 252619
766981 403970 0 348666 140089 124531
15955 808591 15955 528653 3463 439200
58784 843467 2509 843467 32804 250109
814242 22439 0 14746 584853 9757
969717 950196 555814 950196 388448 596339
316433 887903 40570 0 87370 619578
771973 222365 407628 222365 554425 162338
869973 428567 368014 0 144709 239182
593410 592138 0 62731 217437 475991
358722 928215 178668 928215 75387 392348
821762 150836 821762 65887 777161 32602
407491 174283 368056 0 329678 64414
622726 143973 622726 32365 593103 13620
45398 727439 0 681147 40043 518392
617461 431389 557039 0 123160 216321
562472 995122 0 754140 116419 740059
70083 750564 70083 567394 60332 318603
126380 424818 33902 424818 98894 160068
1573 921506 1056 921506 1553 338476
399350 162972 399350 82477 343929 56729
92489 157507 83872 157507 46234 20741
183301 206233 44511 206233 36388 128767
956437 17884 0 16179 152105 14217
694559 176272 263520 0 439992 144774
205605 271795 135332 0 111518 187470
852914 122133 0 44094 723183 100910
913035 662739 187524 0 298391 610770
667224 350948 667224 172654 273339 52350
67553 306889 67553 32881 44190 215238
72255 188896 72255 106591 5162 24776
436364 75194 14092 0 118591 55276
714744 536418 79462 0 339000 379768
178434 806050 0 563505 64498 120381
686501 696026 458727 696026 569089 399066
577698 475949 577698 462385 448658 20529
688146 664646 0 554709 189641 201251
321019 56184 232353 56184 244316 20081
174085 780311 119717 0 164776 268682
140716 624907 0 466839 53143 479354
261866 175850 188572 175850 168449 23524
898947 709689 110335 709689 171098 505221
731620 55043 0 8014 568868 47226
352816 605672 335067 605672 310230 504647
60683 919544 34335 919544 18916 139278
388422 810653 0 204133 67238 303923
511166 989492 505191 989492 83683 327622
441251 861662 354301 861662 439181 620186
746127 722668 167047 0 644220 14899
565211 829228 0 391309 506198 808983
561235 2175 0 692 501844 490
698275 869398 107189 0 418813 682616
676960 287058 247333 287058 10582 107492
610469 321300 390903 0 233841 49177
935139 273133 935139 223202 556409 1389
15181 198743 1741 198743 12552 49772
942517 841913 0 547122 492224 499773
806629 833897 642314 0 733046 804674
21263 683058 6597 0 14548 526809
105001 560033 22566 0 48412 93532
35146 449496 12289 449496 3800 157291
174091 809335 174091 227569 30002 402506
943819 472907 27609 0 154478 214284
727125 720943 96554 720943 716111 279653
863986 691807 0 464948 690232 587941
343372 610320 343372 559387 131257 48410
664030 99309 379996 0 635020 56755
7223 570627 859 570627 1220 445999
761708 969370 0 385438 83710 511471
758051 631050 277561 631050 387605 500873
637551 563034 412314 0 432470 178978
240775 503710 240775 269511 77243 57264
230294 87297 0 41140 174372 85846
765721 341081 765721 183709 427081 91274
660062 710654 0 671888 129490 544086
510751 538060 113487 0 461167 492317
444801 291738 444801 37286 322993 235677
871843 95243 76352 95243 618643 39664
100604 167493 55566 0 45323 164079
373497 714937 170400 714937 54493 484043
37147 719398 14947 719398 29677 60987
482269 861920 482269 363590 466370 526824
433036 688749 381985 0 102935 644971
138099 66405 9948 66405 115101 42306
632603 985362 183877 0 619142 113477
769584 320147 0 309189 43432 297668
967051 85399 306363 0 309243 82128
35893 454560 10594 454560 29921 155487
882608 488892 40561 488892 649489 242553
335084 890735 58347 890735 327677 92812
965172 821828 120918 821828 356514 658115
277474 136496 0 72848 75797 119989
431672 9961 0 4183 358355 6587
458613 955448 238285 955448 321680 540974
37218 203509 26593 0 12685 172751
944699 118838 321310 118838 816455 72681
641502 364523 47634 0 170212 6624
286633 498506 286633 482990 275806 107421
826330 329715 0 8865 231765 193007
795875 201158 0 31344 113938 181808
665176 115221 368032 115221 612869 109536
430763 177312 160566 0 407392 70769
252739 754856 219763 754856 252481 514891
890823 243523 890823 191743 57914 191231
697448 601044 507979 0 101739 296149
479826 154517 129655 0 62999 21131
644331 510634 2030 510634 6930 438802
370433 332567 306164 0 140415 113010
718989 9360 239144 0 620621 3256
239517 248468 239517 169487 53813 100371
882485 766117 882485 177504 145391 216494
232635 913867 80221 0 115125 659704
625766 195782 625766 170406 618466 122096
595193 498231 0 158398 547345 439774
634869 167390 292657 0 327369 99339
203404 467808 0 102100 143662 293742
957767 522875 957767 16307 189445 154493
751427 169279 283661 169279 290643 104907
728727 118178 728727 79126 655267 31879
845292 938439 270062 938439 397129 463571
508703 156712 508703 140877 212892 125111
642575 627278 529650 0 46479 211021
385672 452351 385672 354817 323188 423724
742181 866017 742181 643951 738387 241789
790939 237801 790939 137301 437253 129004
504547 985198 0 593969 257230 464523
339503 745068 44270 745068 115544 153916
565937 682301 0 510183 12026 153751
841915 49122 0 28908 798490 4232
792796 21544 557529 0 349829 14281
171766 517516 171766 169463 134289 258740
9354 523897 3118 523897 695 106694
313118 241391 34899 241391 126548 116237
244671 344606 56667 0 108618 135836
329863 125306 329863 37600 78012 31111
802275 261951 659564 261951 307526 27337
123212 557345 0 151034 68653 282002
460660 315206 284598 315206 401588 76215
992284 193136 938689 193136 45740 113038
3239 119931 2152 0 1063 109377
850463 100906 321801 0 6700 41153
953414 754834 156712 754834 952115 658455
86704 458182 961 458182 55930 272946
774360 993813 0 545801 498410 103599
443321 115110 124798 0 54572 76425
706000 705179 546624 0 704836 496763
154571 745266 31702 745266 7718 25089
10718 707384 9190 707384 7674 353641
271289 219759 271289 66355 118893 127923
89355 644725 89355 453490 75781 574687
981987 56088 52932 0 696630 11353
219137 368405 16689 0 61457 359699
233729 467161 233729 411025 169636 257889
993795 170867 506169 170867 907536 95124
75467 484454 0 438898 42318 350316
540486 293158 40931 293158 389196 160787
823726 179508 541233 179508 235953 99887
441420 432074 441420 94639 438368 115329
923195 46764 775312 0 99770 12863
448771 203838 448771 29542 193902 57532
998217 329973 365522 329973 996320 119163
292354 879651 0 178708 162966 516322
794412 481453 91357 481453 344033 115855
312337 93831 172251 0 158547 19390
496249 207130 0 71135 206259 114989
111026 437039 67323 437039 98992 82258
807568 27308 586733 0 23675 22011
735018 551122 724472 0 229919 192602
639630 414295 634598 414295 168816 72643
772769 476389 278117 0 337853 376425
298578 689499 298578 687573 207819 494149
823004 79560 610376 0 114460 10942
894447 377206 442167 377206 140629 260274
337238 797053 0 552005 301573 269730
520496 137176 0 73737 474100 17511
800960 54009 0 29346 405889 7172
952867 700623 0 2295 461649 79268
616997 634314 456466 634314 239562 610156
114776 241620 63513 241620 18298 143761
18898 682540 13366 0 4556 658434
715473 34781 435730 34781 405659 2444
688027 503269 237820 503269 514020 220718
787672 984375 0 932612 712275 446547
202481 703596 117127 703596 188469 558985
696711 940052 83542 940052 673053 431524
78111 130768 0 9224 10073 89617
199904 935152 197861 935152 130665 458281
254286 627881 50322 627881 96609 200275
36801 765962 25347 0 27116 621705
619464 631817 0 462739 156632 12520
883319 1382 822852 1382 709290 767
517019 77019 0 41551 237053 73355
827496 927667 669143 0 604252 66031
863493 119499 863493 70404 496765 113473
897629 26966 0 11514 735223 7758
801856 116874 493062 0 744533 25621
381856 981452 0 220224 296687 485742
978959 185363 130736 185363 925386 51614
16525 717180 0 214023 8953 623269
20167 572003 4692 0 14016 163758
359545 562916 137745 562916 55747 331442
193240 800038 193240 513758 113105 759666
57436 173910 35998 0 44551 137036
119916 952258 119916 547973 57498 78572
774221 809692 774221 460845 379201 279851
818035 927605 818035 567273 245173 486656
881043 794264 671222 0 695667 385666
47640 281643 0 194151 22293 218754
746904 490265 746904 266615 605268 169588
828513 823635 828513 407246 482576 740337
872572 696487 865174 696487 613383 512162
996951 871459 380114 871459 45681 76375
585373 269256 262211 0 205612 52769
781077 81943 0 48673 202586 10384
964230 873846 634253 873846 583998 681758
123788 398307 119575 0 37301 205526
838001 661408 220744 0 86732 135209
528240 261854 170700 261854 278829 98836
867402 969867 141663 0 403250 637622
532363 348564 68064 0 168367 205514
587154 924894 185073 0 582535 309738
17867 464321 2124 464321 16325 438384
164368 250131 164368 78107 115697 144908
104595 426524 45618 0 101356 328836
589286 926308 0 190967 271062 255334
272795 442448 0 375577 257511 334798
433963 552550 0 389280 20237 149552
814036 309077 814036 6109 217712 207849
266969 739638 0 349600 80178 92318
566687 735095 201888 735095 228387 461210
481988 78160 0 36214 306972 19033
93240 110508 34104 0 10703 89543
243971 977292 204858 977292 200078 900258
856021 514683 487987 0 72491 207382
491732 8349 15003 0 420244 2216
470556 655535 470556 489136 289077 399161
260863 350902 260863 112208 208902 228264
842125 337914 842125 257746 605361 118189
670770 570211 147705 570211 452436 299225
278238 377922 278238 197081 193318 99788
605957 864162 13166 0 311636 180100
146263 917432 62951 0 88081 436397
256159 595077 256159 552466 80094 521593
708306 125276 634057 125276 151454 93241
959861 695536 288235 0 40740 94164
912192 832926 912192 787313 444287 218772
789198 358931 0 204951 159185 271179
295888 989595 0 85431 162244 926294
607239 109268 43901 109268 85625 2325
562767 677393 377950 0 293056 537679
849541 998235 849541 174163 291465 768223
821226 842793 0 20124 532244 364408
596319 862449 270946 862449 93055 210963
983262 769896 983262 189571 308503 65241
989196 132006 257146 0 930330 90635
253723 969562 156308 969562 168353 598695
527906 728308 527906 617756 131109 230931
558027 527174 0 195455 229674 341008
622681 656436 478117 656436 316471 516070
512077 319954 0 4610 473672 25420
206992 197825 0 41115 128599 69896
854596 347341 486228 0 195033 212187
127684 676762 46511 0 21404 659902
437498 689783 437498 590240 128040 658502
279351 261038 0 200007 213114 186412
628450 716731 141096 0 589733 223429
411485 455548 79625 455548 408638 242857
10367 728247 5038 0 4582 287943
59217 557684 0 344430 59195 368218
153048 573063 0 225901 90535 494075
456258 196821 0 86894 124511 132089
23216 85367 11711 85367 22629 7247
126427 2461 0 227 56228 2078
313146 390296 185766 390296 93328 213233
123698 574776 0 449026 32353 361483
536836 504162 474522 504162 268717 170657
722164 272516 722164 265860 533254 148014
988077 222568 988077 127096 846225 101929
378281 948053 248614 948053 307917 534606
828215 608765 558526 608765 723706 288844
365057 932235 102869 932235 334729 894642
387696 15948 146226 0 23240 2071
845261 615848 845261 158374 327318 205249
831093 662329 332170 662329 198850 336857
219592 720827 0 671271 61726 382146
555647 710501 555647 346924 540572 412438
980509 27856 503216 27856 204833 20858
878854 761430 229665 0 854945 670449
556857 962991 556857 670376 207206 552600
530665 249182 0 9111 366680 209479
173671 492679 114960 0 20941 212133
716883 813181 0 186881 198551 609832
398966 646940 97521 0 285929 448669
993092 682680 993092 449452 752675 71080
419069 85101 383607 85101 98941 65422
277692 543118 0 67705 131531 331489
617675 571156 0 119304 349243 120845
432486 810710 432486 321455 430211 27260
593702 276680 356340 276680 30175 133693
113441 140666 37714 0 72478 74430
979633 144386 979633 97399 597906 123494
593500 269248 593500 211580 293907 208121
72141 488897 5184 0 21994 373643
311164 353382 20353 353382 40678 336630
376895 929038 0 82628 266817 551267
302253 382498 302253 91616 118947 52451
991005 384174 0 42698 37560 29882
938823 390309 142148 390309 139423 43045
236796 856165 8164 856165 54646 55398
813356 924678 0 581548 74599 762167
559531 177607 180148 0 148556 18288
519386 727073 257527 0 125436 190931
835677 572942 489728 0 403939 558073
175769 547521 0 305113 10362 251451
313801 190289 313801 147492 283752 156900
936738 39978 226418 0 325484 7739
946470 431467 0 262802 572166 175493
995837 715569 678526 0 428768 581338
710414 981805 184896 0 537183 724436
886725 485382 373585 485382 656627 326331
745706 291199 745706 221173 597936 281537
242148 210045 219835 0 96852 32671
835642 6398 380274 0 723411 4643
385823 193839 0 163418 369052 67783
303351 593734 90733 593734 60908 438944
713834 960322 713834 615952 487983 469630
234451 155682 229651 155682 48066 63422
879862 884017 110552 0 50952 296575
17009 722479 0 330114 4835 242972
367702 715567 81325 0 13987 591276
750030 45459 0 17160 223738 33368
185824 999835 93790 0 140713 478977
958900 672687 650142 672687 353846 331528
85181 588537 0 586325 65023 197564
496788 307328 292465 307328 208251 303338
354253 758133 354253 240994 94900 574968
215888 806061 0 772562 126181 327257
491488 724037 55654 0 390089 622247
488794 401577 488794 33650 332614 399480
315086 959988 315086 467079 151337 28799
868050 730656 0 198423 787605 598836
827097 624279 413081 0 547401 363157
531072 93985 531072 17301 318416 66109
11278 596211 9480 596211 8223 325413
792861 345838 215577 0 502039 265860
414511 130184 43583 0 377423 114359
465420 31685 465420 13309 72850 3998
936608 11734 82792 0 772663 824
983260 350006 594801 0 721397 200298
579627 703639 579627 112172 564272 270867
48536 408992 48536 244880 48445 101060
617979 505477 617979 103165 106939 323095
156762 653649 156762 507325 57278 204760
795470 71762 111776 71762 41028 27209
732688 722643 156667 722643 248319 195500
34075 477305 34075 51978 26733 446213
893177 922787 763639 0 734310 233156
597786 361677 560467 0 213881 7889
229682 965797 229682 269270 92028 874953
15186 40955 7970 40955 10028 31486
970699 277022 11533 0 481891 266636
390095 609323 91327 0 271760 322034
946310 419393 820665 0 524807 200061
640669 276359 188446 276359 552662 73551
488630 960186 0 742062 387082 434507
525592 357802 525592 67592 449890 184331
696644 683476 567885 683476 278423 32101
884167 149629 884167 130669 330670 132913
775809 540111 0 368786 173852 391902
111710 441628 91827 0 11998 80560
867249 868690 364514 0 276591 645699
767624 945577 0 698098 658391 916776
119363 722233 20139 0 10699 434998
404979 17868 318528 0 381688 7691
90512 510544 90512 30651 24884 221195
621768 634968 44311 634968 260403 461912
704881 630955 124680 630955 127143 268942
671143 201474 0 103726 632424 14349
902456 828189 79590 0 272602 311757
539900 586508 397616 0 198330 184183
530781 438092 0 37380 105619 409979
652760 118069 93937 0 311678 90755
853013 456697 650521 0 180150 106636
315128 196314 315128 122857 58091 11598
783245 794269 783245 535836 631649 442657
990424 293705 345452 0 221740 200720
884192 916413 607525 0 684580 778264
998566 433578 0 367183 148309 145262
126514 458994 89221 458994 38889 125192
156631 876664 103934 0 84527 614712
785431 110718 0 56390 406971 4541
297722 337573 297722 105774 174302 71229
646752 414762 375756 0 444572 12292
866145 864467 622662 0 554383 773958
637359 541788 637359 125166 347051 423198
854556 778596 854556 224995 657699 599650
918418 670993 918418 509381 217308 403153
465903 171925 350188 0 438918 157703
617195 373497 617195 298687 568742 117095
742461 265044 621319 0 101722 10368
138164 32742 138164 20514 81962 13047
566130 669650 167832 0 73438 224689
154682 782966 0 272466 95280 208561
829812 216027 829812 24200 545579 29618
572930 343661 572930 248374 26803 165868
744807 401339 677440 401339 2792 9993
118241 825625 87815 825625 48283 185088
419336 121765 314571 121765 328227 94477
698098 548078 0 270407 31548 215179
859183 183049 859183 153961 259564 28404
101293 589132 969 589132 21277 296884
23101 107202 5658 0 8 4630
361748 471415 352656 471415 86787 271769
782003 985446 0 563306 434193 255538
242329 592389 242329 159953 36733 217585
707106 637275 561692 0 523958 218764
479928 379882 479928 20889 461117 259946
50265 863307 38360 0 20103 294455
76284 567173 0 507184 34503 358330
212924 9136 147982 0 14443 7192
530284 878075 0 175911 347256 875606
560742 334775 0 259531 348438 290428
759951 177399 0 134056 580970 29340
754832 606000 0 495966 249925 26240
182255 688799 0 21285 17390 654690
817231 252517 0 102019 286276 114862
567079 397516 567079 41832 204616 104208
789316 413861 0 32065 549809 352459
244413 106903 108756 106903 168573 43694
60149 299779 60149 118309 8858 230650
675190 731018 675190 612839 31718 498745
722403 142290 0 21007 309365 120020
28487 922181 25590 922181 21044 445165
711501 184862 0 29881 692330 31848
811316 859864 76153 859864 257021 564024
641804 185222 118411 0 517692 142272
733795 281076 0 89932 683144 51045
815344 124342 564882 124342 146295 122026
828362 45105 0 33131 76143 4408
431281 124090 366201 124090 219893 119785
54614 240213 0 168142 50996 103431
27620 677101 21050 0 2702 44850
734225 112160 0 31142 446741 105546
689720 409323 326636 0 411455 14649
750656 640233 733185 0 492198 89822
827672 601927 204907 601927 325213 400548
676355 86382 0 54257 317935 37456
887012 448378 0 324430 711370 268442
755628 208330 716081 0 424265 90613
963410 982912 963410 480748 615730 449426
999462 925548 42984 925548 432225 548455
18525 471654 18525 12767 16515 76857
836175 121386 0 106284 218199 39347
497785 693124 497785 23396 454325 151788
653885 512130 0 402419 39478 223800
571134 968179 452881 968179 7329 231189
428297 328385 0 88471 256258 18191
44668 244826 0 0 28424 15204
327228 877272 58909 0 327078 36678
546433 116450 284098 116450 517862 18432
737031 442951 667578 0 474344 355042
183519 935934 32558 935934 36385 724205
166147 798506 166147 375278 21683 776710
956725 736263 956725 87276 781674 238015
15432 87939 15432 67224 14938 75315
501689 553766 0 80625 63594 76448
653532 476806 653532 40069 271628 292251
995653 56535 995653 20587 132248 53962
593046 349912 551043 349912 384805 335366
958986 525958 221282 525958 527441 12099
472377 691425 329193 0 179557 641091
265904 468739 96678 0 446 165661
558566 670501 212934 670501 261443 477117
693660 271463 693660 132190 682192 118308
662143 432355 662143 186012 361295 88821
397864 620245 34648 0 144412 520512
108961 504979 108961 40030 101370 57608
490444 249048 490444 82268 38446 34277
418531 727425 418531 575033 268445 231572
320933 480879 257589 480879 100545 83656
585872 961183 333494 961183 103947 151848
328526 583852 302273 583852 107089 79346
110377 455519 35024 0 90307 342481
175216 963289 0 722348 85348 335705
176395 408517 130926 0 91547 215308
76766 465622 0 441826 44461 27951
426196 163329 426196 48075 236356 69823
878549 356066 878549 280689 766095 100334
807695 356668 448129 0 623230 269540
760592 846539 728466 0 589758 337601
221224 470498 0 263764 201839 446442
726585 369974 0 59325 214823 230528
567162 954774 545677 0 97785 92835
597852 929401 360216 929401 419329 750931
157591 712930 157591 611103 44540 654959
249307 897761 222981 0 50634 584682
641409 524835 0 95886 416462 92597
466851 325699 232762 0 117984 283706
995267 350568 61245 350568 344798 169786
172519 443280 0 222844 19224 386254
266058 224519 219947 224519 33714 212168
951221 861461 0 205099 445008 516079
220835 580248 83298 580248 189429 296293
241936 777873 0 453637 132715 7011
377859 178681 252663 0 320123 22897
638244 578118 132224 578118 250903 140051
146268 793396 32464 793396 127523 581779
874257 595717 745509 595717 684049 256743
989091 485193 0 363707 774823 429572
321278 760859 0 69270 156001 91381
775852 807111 631185 807111 291523 336259
297702 752514 0 388495 236145 666220
371567 284195 0 268589 106228 76787
844831 801315 0 143893 843295 619559
289430 769188 0 648086 130998 497132
774298 112233 770650 0 733678 55039
635444 398165 635444 355733 175179 308822
388346 635936 239138 635936 220323 183878
470897 717444 380178 717444 256956 395447
988115 124032 0 119533 629938 9275
89153 78914 5111 78914 78309 53669
615853 640213 615853 140105 172788 168187
931153 116263 0 91624 617657 84588
104023 514410 54592 0 64435 91794
502690 468053 502690 211278 419216 373314
964214 903410 964214 415159 318176 643213
341752 643654 2448 643654 124526 396884
860845 436526 741814 436526 12886 331733
359853 27104 359853 743 104822 5074
825158 339883 0 153144 513715 121252
971722 501851 0 214884 848571 483763
369691 487988 305773 487988 55172 229728
476296 426479 417949 0 81289 284133
140609 527033 140609 406923 3396 134139
530850 226652 409782 226652 174669 83891
388908 554263 388908 76186 25888 323876
505655 341231 505655 5337 110890 159682
695945 765499 0 458411 477287 534242
827600 342248 0 113902 471432 6074
669840 173735 0 5645 173044 148716
592946 782205 20675 782205 117027 466617
891799 744779 133876 0 204642 417182
183408 51891 21070 51891 110613 33352
565321 934761 115534 0 540763 879925
518620 19837 266266 19837 256207 8890
160897 951578 124632 951578 142578 294077
298006 452763 0 412602 102656 322081
955097 558123 0 54527 69917 132646
743153 276598 0 87148 298482 12006
329597 209627 329597 89575 14874 12664
162468 377198 0 48291 24092 318359
863017 256790 0 49118 332249 154202
240438 353718 0 124510 63287 351343
416009 554894 175805 554894 11300 60888
855152 740066 35559 0 390603 414275
563339 734391 132531 0 561305 44498
785985 84647 0 6543 2158 982
428507 965351 0 276979 72762 614264
482398 826195 482398 247899 272821 103619
698587 581012 698587 160579 388502 449010
631651 638897 0 358068 63325 465369
990571 41601 461232 0 176589 34589
611284 503581 296377 503581 231330 386748
805418 347506 172074 347506 207243 281632
357031 336096 357031 223036 245148 247521
545989 854581 91677 0 265902 274328
877813 585213 666119 0 611389 211785
533543 910257 0 795902 485909 778381
245509 959811 240074 0 204348 762337
321801 923762 165096 0 255597 732420
569134 143274 353940 143274 9406 31689
723202 115867 723202 114287 600508 27026
264041 875683 264041 12859 214037 256725
670410 713318 530920 713318 108497 462115
214170 208135 124415 0 84645 171467
629030 20614 0 16118 518907 7369
663790 312127 563076 312127 566495 136306
382047 708808 3299 0 342589 626005
572902 31679 16032 31679 209543 6704
459885 369150 459885 296766 396623 171847
525107 813381 453258 0 134566 377389
755149 193142 0 102970 684478 74247
262432 512763 0 323073 167227 434313
477197 320685 0 279379 403515 284635
119330 273197 22076 273197 56971 257926
422135 436327 0 199064 267288 311599
23096 27630 3525 0 15309 12572
603796 202896 603796 194593 142654 194569
160369 368075 160369 250823 78261 122706
599992 617117 599992 59134 257473 467673
408644 421845 408644 285727 196457 59605
753508 661738 623636 661738 259340 634854
707642 277508 231939 277508 73470 168349
216251 833263 0 374222 14936 644101
196594 743083 196594 232019 60327 206092
552478 832543 15812 0 168787 717623
388681 760190 0 742647 278573 468551
809769 482558 445746 482558 746884 53692
505541 822968 179901 0 432199 152715
686961 304495 681939 0 108169 154907
501021 354797 192286 0 187356 326119
240112 502346 167803 502346 160542 76979
773739 431100 510425 431100 330612 143872
881714 715851 0 29988 374292 521480
259630 526783 58567 0 195609 496323
95529 293878 93900 293878 82557 128781
313456 51769 0 11771 261706 40536
631173 78032 0 52493 598669 30239
592797 212206 398292 0 371157 62552
801252 735736 512160 735736 780293 566414
40845 592308 0 74537 20211 26397
473529 523032 14266 0 457174 265032
731883 404501 0 171191 180375 400991
324706 622520 324706 438176 6554 586116
317915 591379 317915 141485 238800 317352
439561 857486 205844 857486 73191 702158
91428 58164 78177 58164 47209 42581
437293 801396 0 301396 290414 505452
748300 206485 748300 111551 35024 167935
965734 477156 0 158002 964760 343800
197667 688678 76179 688678 88691 26746
140275 251100 45656 0 133560 8263
825844 586025 825844 485422 424344 318463
770813 219774 0 180929 158011 60814
330439 180525 309981 0 218508 30691
182531 270963 175576 0 94552 146914
282356 926640 59861 926640 208672 719981
913656 756206 659401 756206 138399 420585
684039 584747 684039 235592 537292 139258
569386 396122 35723 0 123564 155525
823410 459977 685522 0 80455 88898
430749 413737 430749 12424 230963 157988
339643 218155 339643 101750 130659 124564
636770 348581 0 217646 25720 195811
114041 780786 83284 0 113741 422725
967505 909643 967505 365633 763053 60959
765471 114962 446006 0 158725 83664
42939 802950 0 740280 12836 699152
691878 353137 691878 190967 340582 333101
812958 688149 794915 0 361770 439676
946852 947130 0 73517 56491 888028
290709 814089 73727 814089 190418 417359
363587 307765 122305 307765 202518 30623
192287 134514 141077 134514 51656 13191
575107 870140 575107 637029 211465 455978
220814 772917 0 295821 71238 340173
81028 54596 81028 41796 55767 29562
642964 76281 71499 0 76158 41753
324917 566261 70245 0 179538 120254
682770 34265 0 6711 49839 30755
479098 319877 479098 96675 133550 224775
559060 774014 559060 427351 491477 562939
959976 937145 959976 907103 674954 227265
532150 900294 381131 0 251784 323870
625008 231929 0 71986 349388 14083
82148 123108 82148 40398 28191 90932
166961 538263 0 115707 108801 253303
667746 333125 549177 0 99613 145688
291067 17240 0 9483 41035 12280
100987 913708 100987 447699 81597 269886
501311 247630 501311 54515 253576 123001
845406 937570 0 92825 203509 137891
551423 571822 220049 571822 258302 421543
752686 61348 55781 61348 424398 36060
289763 108427 172696 0 202540 48906
690203 189736 0 28157 239458 87625
532670 792507 444015 0 380117 483174
67044 16727 0 8864 8618 11619
128007 497873 38172 497873 72156 67322
374218 757430 360525 757430 115676 355865
145548 688150 0 537148 42605 679092
705882 157125 0 9550 17986 141874
631631 899648 27027 0 513888 179607
966652 535762 951725 535762 425957 50639
315859 855980 0 401137 3648 621845
960852 784084 960852 597700 638513 10032
260812 807932 219421 0 10510 208681
639961 699439 569056 699439 506175 571456
127453 435458 58273 0 105169 406418
509578 781403 509578 341068 444262 355072
352150 45680 85109 0 349791 24057
561906 724099 493180 724099 319808 716322
58146 931916 0 818541 35267 887515
950702 676981 950702 388258 134568 104431
794716 889324 0 557405 25974 742969
131265 944172 0 757268 49790 639022
55471 590968 31893 590968 27852 109551
575103 634017 0 15981 195078 287355
125738 235706 76983 0 104613 149998
608613 533655 0 508687 597456 148335
377654 331 80483 0 248488 127
689543 967483 0 98807 649638 798393
211739 377875 79165 0 112571 342471
518022 62461 264320 0 99993 48664
13130 272935 0 262376 8144 205096
969830 477819 473914 477819 271334 189291
195394 663835 0 232177 146672 28076
88077 684528 51886 0 52630 269205
196963 980768 117478 980768 56221 800438
575504 345120 324635 345120 82568 159807
778634 887451 0 868366 628943 784033
110230 912893 83222 0 78879 231381
134148 854264 1133 854264 51940 489428
197439 582755 89775 582755 85663 254294
906322 611026 397530 611026 575880 218051
44141 579753 12066 579753 27096 243619
522305 371285 20557 371285 242231 191459
674560 888752 674560 115413 87957 538332
853727 275924 0 27882 501638 195552
887061 810769 0 79207 71042 770606
866684 262466 0 230260 498145 221036
836610 39939 836610 38114 577174 19485
121918 773639 44080 773639 45592 718913
618406 430761 618406 188323 589765 99032
122079 792744 122079 646445 37979 17923
111640 848288 78307 848288 67917 666235
117800 502087 117800 154324 28191 1440
216645 52356 123969 0 212318 41453
693099 152488 324807 152488 356530 53390
22111 586949 0 429545 1986 199581
843939 257637 0 203518 619094 105909
263969 409031 87901 0 101049 94955
845024 205625 235925 0 710627 187869
565781 128876 565781 101682 552671 57003
861159 788261 861159 126522 640456 785274
55343 399894 55343 56270 40439 51771
892373 782667 626211 782667 6289 162641
899347 983862 0 132384 379449 69600
180961 536717 177477 0 119701 198074
871010 35692 0 22020 388558 8802
29235 56595 29235 17724 15851 31657
481864 783408 805 783408 93994 330284
763912 231290 616500 231290 78183 213377
105345 39449 0 5989 23127 2545
887039 253570 342239 253570 70316 55246
321488 168053 242220 168053 173906 115148
4654 741001 0 357442 3355 703221
456559 201433 0 199843 296312 160070
79503 834098 37745 0 78698 707547
240688 292229 98907 0 231046 49101
496498 551414 75707 551414 280584 152548
609986 477331 0 331552 329468 7829
945604 675709 945604 75759 401145 672810
560878 668593 399667 668593 546919 277836
981517 600634 0 271209 92519 371011
636999 564510 636999 447124 347259 147167
342237 340218 0 60533 329543 315601
655204 871455 655204 823505 535209 706308
896444 983145 609429 0 4021 416075
340556 598147 276934 598147 49283 588291
18012 251243 18012 233977 4529 91748
902869 278349 902869 225115 95759 15277
810983 554483 0 94951 535464 12842
679102 199821 316750 0 644199 42579
570179 692634 436998 0 536329 396931
700770 428496 22628 428496 691519 263018
321186 498569 32196 0 43032 395860
44330 571078 0 352211 5577 258726
267526 772756 0 726458 23273 370507
709824 391081 131368 391081 354942 92986
968451 373164 702273 0 844859 190809
44070 454394 42132 0 33755 268637
650964 47197 22577 0 316677 30713
608981 811806 608981 302453 434338 314579
452749 510628 0 360617 378946 283711
749246 140648 18805 140648 484090 63514
16810 970677 16810 909144 6142 640643
512802 885313 243625 885313 284060 8159
235958 438158 0 79802 2991 104126
462911 963201 138776 0 272531 949308
887606 870361 526433 870361 848496 163893
599892 412687 31374 412687 284606 64837
318577 190128 0 32310 55951 68258
733553 438396 0 301343 269095 361022
738797 631839 416345 0 719362 227026
438969 207926 438969 71171 81870 101116
992543 355072 0 45215 908174 241137
34421 449878 34421 56731 27342 444132
257618 276342 257618 16183 152834 26649
310123 57211 267742 57211 138656 43272
500302 427110 438006 0 305478 422850
935514 746430 500315 0 341230 312431
84442 25672 84442 23561 19413 17617
445864 55281 247986 0 195775 30048
236968 720532 90617 0 192562 505055
405191 743909 0 489645 279692 534858
462641 824818 214391 0 218636 556539
469923 141646 469923 65410 23710 86942
398353 165996 177583 165996 153259 163034
152686 669363 152686 574376 9263 496841
970491 707324 0 70903 846680 39649
416476 648508 0 245012 215380 605710
106033 7948 0 6658 13995 3106
676124 791298 0 421341 671791 181123
158577 188247 0 5993 149247 15071
509901 547928 138585 547928 156234 525393
514312 994780 87165 994780 185511 789339
726135 748351 726135 722413 339818 110766
208635 854603 0 215755 66563 645753
537556 158928 0 38286 231085 81446
441168 498488 0 283728 168991 232492
912949 649041 570058 0 390056 595533
437274 568921 424485 568921 340928 106591
568628 515005 355689 515005 374757 294338
327654 868235 89053 0 9060 740842
307624 382903 0 113936 15520 169375
979027 337084 492240 337084 365149 324932
847911 96898 239669 96898 53820 86077
735370 460350 735370 182892 643365 351395
859620 822848 606395 822848 127415 585688
585425 217607 585425 75710 46400 117672
25672 983892 3860 983892 4981 137858
356603 982800 0 537940 213048 93550
620361 252431 349319 0 176724 68989
397318 931694 397318 910411 282060 653567
809608 130386 143685 0 693182 11681
546949 866426 197949 866426 81781 237921
6955 408560 2395 408560 6750 79736
662099 330594 0 131702 173401 10183
117757 758942 0 705671 27825 584165
583761 875420 583761 224696 515565 415592
140134 670706 113880 0 55085 529536
178698 694891 33540 0 120359 346176
595167 425710 595167 375107 30648 357643
595404 26337 590256 0 133438 21016
648127 980848 567918 980848 110250 476591
205596 569997 138103 569997 161257 197056
83934 130418 0 92168 61027 106164
888494 929612 0 734770 195256 515656
688303 536566 526970 536566 438896 426256
261237 733543 261237 607803 226244 540413
957298 391966 0 287642 13264 267796
206048 910057 0 277174 112350 176266
881225 851 241476 851 601677 450
155520 159125 155520 33567 18233 32330
633300 935713 0 473469 6240 305237
61344 391501 44603 0 47395 95819
533533 111592 0 29198 260088 83490
652865 814190 0 323357 589602 658069
358201 309057 295758 309057 88017 45252
27199 998409 0 644692 22580 327843
