1000
243 312 0 79 27 203
22 413 1 413 18 149
800 178 219 178 109 68
200 170 200 95 80 75
689 399 182 399 519 128
93 969 38 969 71 861
870 785 423 785 521 200
464 167 0 11 120 79
475 643 273 0 144 532
691 202 207 202 69 106
190 366 190 324 112 302
105 861 0 284 8 726
341 959 341 26 91 298
716 86 18 86 293 42
991 158 991 158 794 106
634 198 139 0 455 75
341 588 341 465 5 373
804 825 585 0 372 298
436 940 0 63 107 117
611 695 41 0 154 622
331 38 331 26 63 34
208 249 208 9 113 106
456 256 219 0 332 228
34 39 0 33 17 17
429 892 166 0 134 146
585 414 396 0 42 254
954 896 344 896 587 170
836 432 670 432 541 111
946 403 0 143 509 39
406 922 0 275 318 131
706 652 483 0 476 583
819 5 13 0 217 2
407 831 0 227 395 802
167 689 143 0 156 339
82 37 62 0 77 8
44 373 0 0 6 268
89 984 48 984 70 465
241 778 241 79 125 410
526 446 526 34 426 440
954 858 954 817 491 433
897 168 334 168 181 39
556 999 172 0 5 728
560 115 0 67 499 101
423 869 0 785 151 366
694 56 557 56 625 21
629 634 144 634 453 402
138 445 138 345 22 311
925 964 589 0 381 203
80 414 80 167 23 169
906 25 906 24 619 1
828 834 186 0 101 163
780 949 780 490 120 177
875 952 613 0 705 416
319 378 275 378 118 168
520 412 520 210 321 146
190 920 177 920 139 470
975 399 975 261 639 15
999 990 355 0 646 943
775 266 0 244 496 114
948 246 0 242 71 77
409 811 317 0 298 698
538 253 538 52 162 193
85 126 0 36 35 8
672 426 83 0 134 364
743 903 0 421 566 160
866 307 0 192 496 260
897 913 400 913 263 528
338 176 216 0 199 16
313 985 0 118 79 88
238 568 238 545 3 489
751 725 0 344 700 715
111 488 45 0 80 463
842 649 592 649 218 262
642 855 85 0 348 827
676 1000 330 1000 40 620
952 85 0 66 182 6
207 694 207 616 19 345
121 521 9 0 114 1
913 752 0 714 36 11
370 257 0 206 177 153
424 507 261 507 33 387
809 214 0 82 722 181
20 492 8 492 14 478
330 770 0 286 318 216
414 271 345 0 312 148
959 803 959 717 170 636
686 223 116 0 658 128
468 585 0 250 105 171
818 996 0 595 324 304
679 869 0 774 184 736
271 37 0 10 167 22
52 981 52 700 4 975
723 945 0 106 685 687
403 492 253 492 308 280
442 763 0 38 208 38
368 226 368 146 152 61
394 374 394 114 275 363
191 549 191 120 55 22
847 708 847 509 749 330
821 738 142 738 403 168
366 7 366 7 229 6
218 119 0 71 85 38
495 167 495 46 346 135
615 22 0 7 24 13
139 189 111 189 74 60
176 749 139 749 89 692
613 345 557 0 551 17
508 484 0 452 425 62
148 566 0 354 36 53
805 858 556 0 620 153
304 488 241 0 144 108
911 145 46 145 295 107
75 207 10 0 56 174
292 205 0 183 101 45
12 911 8 0 1 299
96 537 0 172 82 347
708 65 708 17 67 18
527 349 0 296 284 69
162 46 108 0 70 35
539 373 463 0 468 127
596 573 267 0 584 199
313 166 161 166 162 77
277 379 49 0 85 162
182 453 0 266 25 159
889 967 0 700 3 898
941 253 660 0 382 248
649 454 519 0 443 149
100 191 100 100 8 105
702 756 227 756 46 572
901 700 901 372 136 1
588 221 588 110 502 91
163 90 0 26 115 50
294 104 233 104 65 17
327 412 327 372 159 402
904 386 727 386 522 40
901 234 636 234 590 219
128 345 128 314 69 19
238 900 236 900 133 364
546 866 12 866 127 507
482 905 482 201 380 768
370 158 367 0 136 139
995 503 759 0 952 198
762 818 0 606 685 446
868 20 0 4 471 19
840 240 158 240 790 88
590 238 0 171 281 204
453 115 453 31 370 95
819 550 0 200 65 168
527 816 14 816 196 226
359 273 295 0 294 208
633 259 633 172 271 50
72 213 62 213 32 13
73 966 18 966 11 866
527 840 0 174 385 715
175 647 134 647 117 546
971 581 875 0 444 253
275 409 0 402 171 359
527 799 0 677 193 166
629 828 629 553 194 576
33 84 33 84 30 13
849 203 192 203 788 195
278 542 52 0 140 7
755 505 755 175 616 453
989 252 782 0 169 243
956 217 551 0 194 187
626 177 526 177 374 149
337 937 235 937 40 825
159 116 112 116 66 96
89 277 0 154 48 51
394 522 394 183 91 394
227 643 227 171 63 409
734 688 396 688 470 309
214 714 0 689 166 38
766 846 505 0 35 544
131 385 102 0 14 362
358 450 295 0 188 204
143 484 43 484 105 129
378 813 92 0 289 106
66 506 0 319 5 464
443 418 0 14 139 256
946 419 280 0 824 405
651 334 651 87 266 278
261 263 261 30 134 199
879 273 879 52 577 52
883 617 746 617 284 420
799 481 799 295 535 323
529 180 529 173 293 90
705 532 302 532 614 197
776 538 333 538 343 63
147 227 147 153 60 157
967 923 459 0 432 871
603 731 399 0 411 228
911 857 219 0 262 451
663 508 0 131 607 81
327 409 327 40 169 188
381 167 186 0 369 89
571 944 450 0 478 687
130 766 33 766 82 419
649 818 177 0 586 171
650 419 0 158 133 280
615 815 615 678 344 159
711 440 352 0 103 21
451 101 0 26 374 37
545 759 0 139 323 95
183 591 12 591 68 175
481 486 459 486 77 380
611 261 535 261 317 30
812 3 812 2 537 2
807 688 425 688 69 496
332 581 108 581 23 531
886 622 730 0 363 502
430 223 430 26 276 108
270 724 0 120 125 593
689 740 689 491 677 690
585 103 0 71 236 30
172 70 67 0 69 17
804 890 88 890 577 729
878 295 217 295 534 202
468 645 247 645 385 526
199 281 56 281 49 249
445 148 445 66 189 127
26 565 26 539 5 244
481 679 481 599 397 407
237 781 16 0 216 156
169 950 120 0 44 119
34 816 32 816 10 775
281 981 281 860 11 340
309 140 0 30 219 41
100 268 0 139 51 201
325 748 325 654 35 263
469 652 262 652 233 369
966 705 345 705 445 498
754 612 131 612 647 27
337 874 337 431 67 623
372 494 372 411 280 442
80 148 71 0 45 52
140 277 0 52 108 245
121 520 121 132 13 434
446 104 446 85 354 17
30 578 13 0 16 296
877 614 0 480 705 399
968 823 768 0 259 278
118 59 111 0 101 5
802 525 437 525 592 164
657 693 303 0 418 543
503 683 0 188 393 456
405 231 383 0 195 193
60 380 0 380 29 327
508 917 0 438 338 583
921 775 159 775 830 430
962 299 521 299 827 253
819 168 103 0 683 44
360 597 25 0 345 375
542 883 542 760 371 539
543 312 0 269 145 2
844 848 729 0 97 602
829 508 523 508 657 32
447 966 0 122 285 455
245 329 245 246 150 109
264 300 0 288 109 28
713 42 0 36 250 21
777 616 597 616 352 131
698 290 698 133 55 250
277 378 277 260 12 108
80 907 0 25 79 827
832 662 738 662 742 155
723 188 605 0 651 140
444 811 338 811 100 760
329 967 64 0 29 691
838 793 544 0 795 11
195 68 122 68 50 6
289 425 13 0 255 328
970 298 131 0 197 66
530 448 461 0 473 353
209 283 172 0 21 188
800 534 103 534 529 129
534 184 270 184 303 162
22 585 6 0 3 519
760 913 760 268 683 147
184 68 184 19 73 17
59 873 0 865 38 212
14 386 4 0 6 80
941 997 49 0 267 834
578 839 578 266 486 50
268 437 123 437 91 93
778 394 598 394 496 61
411 39 243 39 94 28
996 187 996 122 551 40
830 867 0 866 5 799
517 744 317 744 320 500
582 162 0 112 375 157
682 335 682 290 321 84
23 578 0 329 3 376
832 888 637 0 336 343
568 164 185 164 186 15
9 529 8 0 5 365
645 418 0 335 101 397
623 79 562 0 15 43
181 684 0 200 60 292
763 835 483 0 54 157
570 842 570 0 448 427
185 544 15 544 80 264
104 968 0 593 58 473
848 797 13 797 778 454
989 207 989 92 674 91
335 349 335 318 141 87
899 646 221 646 464 103
495 944 227 944 442 720
503 697 409 0 157 372
324 53 175 53 64 26
471 749 0 193 402 311
290 369 0 32 139 32
900 354 127 354 548 286
862 619 862 594 713 225
830 738 606 0 248 187
549 713 266 0 142 380
924 168 327 168 235 157
525 414 455 0 77 381
579 403 54 403 330 259
426 515 426 92 243 506
712 195 0 182 313 158
721 941 0 365 584 272
143 742 0 583 14 284
839 341 839 52 183 282
635 670 505 0 70 613
28 677 28 654 26 99
326 823 44 823 26 423
40 645 0 566 10 111
635 748 0 301 334 513
229 482 120 0 210 198
391 29 0 2 390 6
657 587 657 8 28 518
138 957 25 0 84 178
607 266 80 0 551 149
613 856 81 0 351 308
117 649 117 92 70 87
661 709 0 393 79 529
792 279 598 279 226 202
461 853 260 853 145 125
229 710 0 238 48 436
192 219 0 10 181 7
58 316 13 0 50 283
244 606 95 606 68 427
375 722 19 0 63 2
546 43 459 43 480 40
881 280 156 280 788 157
198 443 0 340 15 62
28 733 15 733 8 605
860 855 0 852 539 670
984 332 807 332 121 116
219 122 0 89 96 1
443 709 15 0 141 9
130 876 130 94 55 114
103 232 18 0 51 41
849 731 0 510 160 35
93 329 5 0 89 320
974 958 974 451 720 335
536 830 536 370 83 758
5 30 4 30 1 5
468 349 468 172 192 225
909 440 473 440 705 71
635 890 0 77 315 533
600 517 51 517 336 334
48 53 33 0 7 10
782 324 655 0 231 179
713 648 101 648 229 443
632 231 0 122 102 227
885 228 885 23 865 175
697 729 697 439 143 681
318 530 0 489 213 24
877 918 389 918 478 448
632 4 131 4 311 1
49 476 1 0 20 32
362 331 362 73 279 97
541 433 0 11 530 127
953 841 0 110 610 1
903 396 403 396 153 239
299 92 299 53 281 58
600 675 108 675 487 432
485 678 0 188 161 560
155 960 67 0 40 796
682 655 5 0 8 349
843 744 572 0 40 347
153 176 90 0 80 49
222 791 163 0 115 460
3 245 1 245 2 219
406 764 314 764 339 270
757 349 256 349 602 101
126 584 0 320 94 266
768 812 315 812 331 266
868 272 234 0 680 236
960 403 0 331 467 341
28 759 18 0 11 94
497 27 0 26 288 5
829 582 0 109 488 524
185 416 185 17 142 402
741 151 304 0 729 96
539 439 273 439 109 214
518 862 204 862 395 1
194 444 0 376 62 363
201 188 132 188 92 116
166 918 166 601 154 286
526 558 144 0 203 160
190 219 190 64 72 124
547 295 0 153 427 17
306 378 265 0 251 368
597 988 597 275 49 632
804 77 706 77 221 35
693 378 235 378 295 40
467 248 247 0 38 69
896 474 0 238 576 250
159 846 0 732 108 403
845 915 396 0 768 545
968 542 968 2 718 217
570 639 570 585 160 483
660 715 71 715 34 4
420 815 420 346 252 622
702 293 632 0 139 168
385 817 0 434 253 708
455 705 448 0 144 510
508 621 57 621 176 214
568 902 0 283 209 37
220 678 0 418 77 501
860 227 860 72 47 168
531 623 241 0 77 603
704 7 426 7 557 3
909 334 909 307 737 43
927 86 927 30 65 19
499 899 43 0 371 108
827 293 0 282 344 92
337 168 11 168 165 68
264 756 0 662 216 549
54 379 0 210 36 90
547 891 120 891 261 509
515 502 0 37 358 168
259 255 0 34 144 147
387 166 0 141 33 142
921 861 0 56 602 766
533 780 0 256 175 259
896 630 0 569 780 316
259 740 99 0 104 610
441 192 136 0 291 38
505 652 187 652 135 422
7 809 7 235 1 235
200 579 0 334 67 466
366 96 366 47 40 34
756 683 756 477 674 409
518 27 247 27 193 13
1000 386 0 31 844 203
350 754 350 484 21 128
943 151 713 151 865 80
29 292 0 164 10 238
256 451 256 61 238 278
229 182 5 182 1 153
822 661 720 0 139 606
469 717 469 596 397 419
949 596 949 226 276 499
476 170 40 0 14 2
250 842 0 385 205 58
234 983 0 715 232 401
95 466 95 309 11 230
785 21 785 3 600 4
227 829 0 409 135 472
580 968 461 0 436 966
543 755 164 0 253 220
595 915 0 322 433 197
10 549 8 549 2 162
770 166 0 37 724 29
86 746 0 94 43 603
400 173 339 173 183 95
30 976 29 976 2 469
415 585 415 146 55 433
902 326 690 0 515 290
75 422 75 271 60 348
494 261 494 78 368 221
844 836 844 748 68 826
632 198 0 42 136 4
493 436 493 432 431 1
57 678 57 88 9 440
519 518 519 98 65 507
16 519 6 0 6 326
629 248 126 0 554 61
487 786 56 786 58 529
433 169 0 145 121 160
951 78 413 0 238 38
131 790 131 607 33 747
939 873 203 0 35 715
870 106 819 0 764 80
915 569 698 569 894 6
154 687 154 573 97 120
90 417 49 0 48 332
904 877 904 176 334 755
315 868 0 545 19 707
287 981 235 981 286 264
542 254 542 9 436 192
751 600 0 29 107 7
865 28 240 28 77 22
539 941 65 0 142 194
756 519 692 519 74 253
779 118 20 0 236 92
57 878 29 878 49 165
198 642 198 462 124 195
115 568 99 568 8 94
956 965 918 0 227 247
355 187 1 0 14 12
232 479 0 457 140 26
210 245 210 156 115 17
966 851 898 851 926 53
547 530 200 0 429 448
503 192 256 192 239 172
294 557 0 479 160 496
659 430 501 430 636 63
177 125 151 125 47 88
252 306 252 196 190 169
158 431 135 431 8 426
867 608 867 504 521 531
802 792 286 792 598 253
436 927 312 0 390 911
744 931 0 681 337 294
266 133 201 0 159 53
168 932 168 795 31 59
997 177 456 0 147 121
100 553 0 325 79 329
127 479 57 479 124 370
157 318 0 57 72 270
475 136 362 136 132 53
315 497 315 50 164 393
582 919 557 919 41 30
546 31 546 2 90 12
3 675 0 0 2 192
60 482 3 482 37 447
41 805 41 337 16 453
159 10 122 0 128 5
192 23 0 14 138 14
838 864 113 864 614 644
505 181 505 47 172 74
930 667 0 377 499 67
743 477 743 462 312 103
930 750 178 0 461 166
119 827 105 827 43 108
69 971 60 971 31 548
654 214 611 214 311 72
732 462 0 424 276 235
701 913 0 320 346 212
153 829 47 829 99 703
16 895 16 660 15 629
263 69 115 69 29 66
37 637 37 239 13 293
734 476 333 476 50 323
670 346 143 346 407 317
278 948 0 19 197 333
295 40 295 20 253 20
348 22 348 4 51 13
410 794 105 794 379 424
640 622 0 369 173 97
289 679 289 18 108 460
229 391 128 0 105 364
715 695 715 418 634 92
503 368 413 368 199 93
143 887 12 887 99 570
544 226 544 79 335 172
768 868 268 0 485 633
136 891 136 825 116 533
103 511 98 511 5 267
313 338 313 265 269 110
202 786 202 221 70 78
193 991 0 984 36 238
89 83 0 55 32 65
905 77 99 0 861 29
556 566 169 0 41 417
173 176 0 63 152 143
228 542 100 0 48 387
503 692 316 0 96 285
361 237 222 237 111 96
40 143 16 143 9 64
679 223 0 90 675 79
542 876 542 112 162 867
645 309 645 10 359 149
237 273 0 138 207 229
639 619 178 0 104 194
174 15 162 0 137 8
858 942 0 361 592 887
96 341 34 0 88 134
801 893 527 0 189 832
106 333 0 211 24 323
903 992 488 992 325 949
778 765 766 0 153 367
715 961 715 300 656 806
723 2 723 1 206 1
676 915 676 311 464 736
780 792 780 555 97 433
471 790 400 790 251 612
3 746 3 564 1 309
490 929 37 0 52 766
313 846 313 28 5 232
32 440 11 0 23 270
593 375 593 186 577 131
959 494 959 294 318 261
579 672 133 672 25 207
770 330 465 330 613 101
78 282 12 0 73 179
435 353 435 15 138 93
961 453 107 453 603 248
920 557 222 0 475 173
17 483 0 177 6 463
238 651 238 69 144 384
918 116 0 66 505 55
732 900 0 538 336 176
406 91 77 0 134 17
158 194 99 0 107 43
573 215 573 92 557 61
510 431 510 268 235 129
921 691 556 691 832 440
940 69 940 46 478 53
346 204 346 115 293 173
888 349 727 0 279 82
10 223 0 187 5 196
286 409 270 409 4 337
420 390 0 240 22 379
734 623 0 132 290 107
503 94 285 94 251 48
287 85 287 15 47 73
668 603 592 603 609 501
652 277 511 277 190 162
357 794 357 197 58 123
75 206 75 18 47 15
230 195 184 0 122 187
929 931 71 931 314 865
774 102 645 0 256 67
246 347 0 257 125 333
649 545 215 545 352 539
194 944 99 944 136 52
404 493 404 254 155 136
78 179 78 68 47 127
364 366 103 366 145 50
353 434 251 434 199 110
203 855 46 855 80 678
722 396 0 325 677 281
115 452 115 52 51 386
883 462 798 0 435 153
147 609 0 143 110 324
595 948 204 948 547 499
380 629 0 532 142 336
297 398 159 0 292 365
934 578 414 0 114 225
778 449 778 85 405 259
722 880 722 593 427 713
272 270 0 213 37 246
94 223 87 223 9 149
981 593 981 558 331 155
973 535 207 535 864 403
610 908 539 0 546 152
871 186 0 64 773 86
354 430 11 0 314 90
147 115 31 115 30 63
155 237 155 206 132 234
859 104 859 12 127 34
991 481 991 276 33 140
505 403 505 358 237 272
927 484 0 175 527 224
925 22 0 1 839 10
412 21 412 10 159 9
440 484 440 194 81 388
492 507 119 0 331 384
439 911 136 911 106 338
950 284 950 97 723 182
506 324 165 324 406 23
307 75 307 43 157 6
257 945 257 525 211 920
164 620 18 620 25 38
178 120 98 120 2 88
643 800 0 406 584 135
407 490 0 308 269 188
496 877 0 58 332 584
67 973 1 973 3 482
350 769 350 434 269 513
953 206 0 206 450 40
630 177 0 64 444 54
100 367 100 67 93 64
358 554 358 166 185 163
754 460 0 434 470 307
154 265 86 265 24 219
947 850 78 0 822 7
712 150 572 0 547 12
991 372 903 372 811 293
422 470 62 470 126 29
430 643 227 643 85 29
239 120 60 0 230 73
293 32 0 4 164 28
63 369 0 208 36 140
143 712 0 28 40 77
642 862 642 343 499 422
366 395 366 359 226 156
284 881 182 881 68 170
61 404 30 404 33 387
102 55 87 0 7 2
103 784 103 604 71 468
841 479 671 479 140 259
672 274 378 0 70 206
118 491 118 330 89 143
840 894 840 671 369 820
910 926 389 926 92 293
46 489 0 430 16 374
954 300 75 0 85 237
288 216 0 210 271 165
196 548 0 181 44 476
433 435 132 0 307 298
821 665 115 0 666 55
174 703 0 174 38 355
723 18 0 6 491 9
697 580 318 0 444 558
160 606 0 77 38 571
785 151 0 143 350 74
570 86 102 86 526 58
401 472 401 382 287 30
663 471 663 431 223 449
858 606 688 0 500 399
606 237 605 0 17 138
726 200 0 126 443 172
371 783 158 783 86 412
404 878 0 275 51 317
460 885 185 0 40 728
327 939 0 531 44 241
787 290 787 39 144 234
922 906 764 0 882 878
160 95 0 27 113 35
745 577 745 437 630 250
636 148 0 98 219 135
487 271 313 0 154 37
14 395 14 123 13 126
529 90 0 0 285 54
869 747 869 481 854 599
383 98 335 0 217 7
213 858 41 858 74 757
865 740 137 0 334 565
714 258 0 229 447 110
472 492 289 492 192 49
690 328 690 165 170 186
255 299 255 153 9 58
910 112 884 0 908 95
338 345 56 0 105 83
738 674 738 302 317 640
429 344 34 0 340 17
603 351 19 0 308 293
7 537 1 0 2 50
578 685 0 7 242 659
459 338 459 288 178 75
481 984 0 713 465 310
86 352 86 33 52 169
767 651 767 323 486 92
705 147 705 55 464 42
477 266 448 0 412 64
461 873 372 0 450 527
75 467 49 0 69 127
566 701 237 0 482 522
807 886 0 691 439 827
842 280 0 69 641 124
686 711 335 0 638 171
194 788 0 147 120 260
568 401 568 339 3 269
656 404 656 56 358 393
271 48 271 19 7 15
218 310 0 9 200 204
667 144 659 0 502 114
237 686 0 636 178 478
739 373 341 0 401 267
462 578 0 69 104 433
879 397 284 0 744 325
515 993 0 94 421 499
470 975 385 975 314 723
10 739 1 0 8 471
895 564 895 11 357 122
577 228 577 99 266 23
925 295 925 192 312 139
363 519 327 0 202 362
969 740 750 0 817 101
85 871 68 0 44 394
44 827 44 545 37 586
791 397 691 397 120 147
913 221 150 0 695 198
260 633 2 633 200 53
945 267 945 36 195 222
920 394 0 131 330 381
276 273 80 273 180 63
659 294 0 263 52 93
322 746 158 0 186 77
835 958 482 0 712 538
832 118 0 79 75 100
657 55 106 0 402 23
314 814 122 814 263 301
48 715 39 715 27 326
404 562 0 159 89 284
134 87 0 86 100 67
863 890 197 890 697 617
649 421 0 421 334 99
426 374 426 91 232 265
850 15 812 0 147 7
992 847 992 366 160 762
280 75 132 75 242 25
12 482 0 62 6 325
514 193 514 94 298 129
604 739 604 175 443 8
393 492 371 492 316 209
880 954 492 0 9 134
359 852 168 0 93 503
677 509 0 194 409 477
669 491 141 0 342 274
294 252 156 252 102 224
337 840 154 840 56 387
256 645 256 637 88 331
149 159 115 0 104 86
911 52 61 0 457 36
70 537 53 537 21 63
768 329 613 329 148 133
740 133 0 41 571 36
766 167 0 93 319 163
796 107 0 72 732 32
254 709 38 0 117 269
594 198 486 198 503 8
320 69 320 6 247 38
704 621 0 232 405 446
448 975 110 975 79 756
875 801 553 0 397 435
489 439 0 136 7 346
534 992 0 507 270 158
474 836 0 199 452 115
704 502 704 193 458 445
254 452 12 452 124 39
379 971 0 380 268 742
222 156 70 156 153 140
156 796 0 651 10 665
732 483 517 0 13 228
236 342 203 342 7 232
689 302 387 302 438 45
611 175 164 0 318 15
894 690 181 690 144 38
389 614 363 614 308 120
295 179 293 179 139 159
681 980 0 140 635 418
7 749 7 649 6 400
466 796 321 0 231 694
506 965 506 856 142 390
480 718 201 718 189 550
272 788 0 780 153 278
400 929 330 929 304 426
170 97 74 97 136 7
861 255 762 0 459 130
859 486 104 0 267 463
423 849 0 714 295 612
974 897 0 222 685 737
409 375 51 0 311 286
166 879 0 330 76 714
528 256 212 256 328 104
648 798 206 798 236 782
799 894 799 676 122 792
622 385 622 8 587 1
703 632 140 632 642 399
459 730 0 378 390 421
307 751 23 751 173 32
68 169 58 0 15 150
931 779 0 42 837 34
954 71 649 71 847 16
614 424 600 0 101 43
217 953 0 407 150 880
133 247 85 0 119 24
219 610 0 198 76 499
737 491 114 0 222 271
898 552 0 332 142 381
468 119 155 119 231 51
437 343 70 343 241 7
249 261 0 194 244 48
946 898 193 898 165 161
964 528 964 368 128 331
468 417 0 140 309 363
405 890 147 0 150 644
551 920 167 0 153 436
403 313 291 0 97 183
935 110 0 61 97 2
423 156 137 0 111 111
854 328 0 8 596 142
785 242 179 0 229 155
168 262 95 0 167 172
449 958 449 462 321 319
867 877 853 877 52 409
418 265 418 194 411 16
265 505 265 119 161 354
284 959 9 0 240 101
300 392 60 392 64 281
421 332 421 207 74 280
313 778 10 0 120 349
992 709 992 151 729 1
313 56 313 8 20 30
453 402 0 358 412 213
908 822 313 0 674 384
374 689 374 197 57 379
388 772 388 633 74 79
240 331 118 0 19 255
655 549 131 549 539 361
99 555 99 334 32 526
848 825 848 757 762 250
703 77 664 77 646 55
282 173 282 0 153 43
296 146 160 0 72 49
644 115 0 34 244 58
434 871 7 0 323 643
129 200 0 180 102 178
519 440 0 395 195 406
330 289 0 222 53 32
286 825 221 0 76 93
942 286 0 42 424 127
764 262 604 262 407 73
571 192 205 192 388 100
407 139 0 43 13 21
616 49 616 7 27 31
672 905 672 260 42 731
303 889 0 392 52 630
672 912 146 0 17 513
987 629 822 629 79 449
596 257 226 257 198 225
622 178 128 0 450 69
423 150 0 42 120 139
187 481 0 58 138 130
853 809 650 809 343 299
835 980 0 590 820 678
432 112 432 93 361 94
344 2 344 1 209 1
506 933 506 100 408 437
848 313 65 0 43 167
704 103 285 103 123 44
125 602 0 150 83 315
967 189 0 43 267 97
366 816 76 816 94 14
603 172 405 172 289 119
61 792 61 686 50 73
634 17 0 7 34 14
553 201 553 154 464 134
229 439 217 439 121 134
841 906 841 881 650 363
985 534 0 361 217 277
669 781 669 389 398 312
171 930 118 930 116 619
638 976 0 184 547 10
257 571 114 0 240 203
556 769 0 99 17 649
30 501 0 126 4 301
655 408 655 395 313 306
871 862 0 66 34 423
172 692 40 0 105 394
376 829 0 396 274 159
782 659 274 0 143 275
180 896 6 896 146 394
354 979 0 518 167 751
455 599 239 599 193 582
405 127 0 12 31 44
554 772 465 772 449 14
149 604 35 604 60 391
718 590 109 0 305 466
611 574 370 0 243 61
695 336 695 264 293 182
881 848 873 0 257 667
402 95 0 30 374 4
706 281 247 281 645 72
842 480 842 31 703 255
62 472 0 342 61 159
845 672 826 672 822 182
662 308 0 109 231 60
535 27 123 27 416 9
718 56 718 49 48 48
376 483 169 0 101 191
144 438 124 438 38 250
452 882 237 0 203 518
172 966 47 0 153 20
653 886 273 0 388 14
532 890 532 353 374 449
163 72 11 0 127 11
668 76 668 50 443 67
308 985 50 0 266 273
722 18 0 10 619 14
310 536 310 141 37 96
638 983 0 486 336 130
376 762 0 293 171 77
743 531 0 164 69 157
534 919 534 306 72 100
221 75 64 0 202 52
112 825 112 151 23 752
825 498 0 241 157 440
801 129 541 129 184 71
673 124 496 124 482 121
644 287 626 0 52 78
612 947 612 355 353 210
821 176 821 138 170 81
948 597 401 597 521 460
787 237 359 237 75 231
299 993 70 993 168 674
67 767 67 543 28 136
135 134 44 134 34 45
931 212 931 136 517 134
280 591 146 591 217 345
729 144 493 0 475 26
213 560 116 0 124 34
