1000
851842433 616134652 0 280913934 86510939 520801968
156313203 711696015 85734437 711696015 126232915 400677901
861050199 212715685 0 144753936 783643441 111134007
604965556 594439757 604965556 360328442 285101060 94606370
859297028 440174952 859297028 50347955 268958016 239021594
104744506 49051854 87966834 0 78996501 13480448
552602476 618349449 388024980 618349449 540833665 30517871
383733445 632602234 0 563997052 64201533 96301180
653058793 711612914 210694059 0 287638937 335308801
148289698 641392373 0 202665188 56340649 560644133
695770973 357461607 664236390 357461607 598874972 333002374
566263341 417863363 566263341 28895542 310471586 68093874
637727445 801347517 637727445 263400723 427096167 103059418
480171076 841715077 427402310 841715077 446279055 408041810
325839577 757710586 103157264 757710586 219614433 92267580
523625233 775915187 523625233 23486342 420922511 184821148
632880138 860902651 275213139 860902651 387673546 201390019
995999813 554987685 995283408 554987685 273550115 440847902
646913627 509714826 152669999 509714826 513827326 264152362
328214453 681255502 196750853 681255502 250858957 347237636
343718727 693743522 343718727 312233135 213825792 523984660
61316079 196041869 61316079 152946464 2020827 163735311
388706705 534122897 103418326 0 316619278 33433553
453238889 865666410 436751911 0 419989474 859161622
503476602 249179598 503476602 38912034 53770318 99566323
154915486 40458946 12150782 0 26124735 7075387
675595550 33120854 0 27939545 592090323 4261635
663703150 677722414 0 21778705 284740428 485313961
975789003 473398427 471887075 473398427 514498117 417952943
765018307 622039290 390244108 0 68365304 313275448
89852603 539453686 36791070 539453686 37015087 300441466
990164993 398846626 0 133989996 34266455 383209716
793543247 186072111 793543247 13976324 361186333 99452294
368806815 950406392 362828038 0 41658397 169258172
498271008 797812447 498271008 137494112 265499172 686554075
558632248 32723052 161383838 0 199371558 17630272
544731556 610354378 544731556 605651777 416943855 239532736
741801213 175217371 741801213 153642592 339837973 64514052
202020472 816299526 202020472 473459440 87312159 409182644
907172430 569932002 769199026 569932002 591694922 146310087
715712645 198802781 671587373 0 160427732 44057929
65570456 13156731 0 993665 2675728 7922294
723412869 394724022 723412869 291389858 639541731 17276992
242212838 819956582 78785311 0 151748330 738393809
777548350 615689226 0 470229616 63145056 181045801
753716418 190913479 32628726 190913479 53700837 183598975
274544311 476067526 274544311 149151848 124524254 108523985
565904386 848830639 565904386 100586939 355383968 834314623
394214079 742274140 15039583 742274140 62877984 242936038
736241975 893852185 736241975 32638940 55566478 369375873
73108659 520699299 35392835 0 346327 248909466
142141850 135220261 65220419 135220261 112532581 48813069
997008550 290073808 997008550 17642432 271832160 73429537
112449453 867981235 0 2782577 23634021 618538285
163196523 636403070 130515195 0 105529961 508626621
903978046 691725027 903978046 491862393 416992712 165732173
448386973 270392473 153428108 0 171456011 71312981
5751042 837550269 0 437709659 2557883 189673921
208553237 408454430 208553237 79209248 110551870 67570669
989034867 391123599 903770522 391123599 948084048 176465505
697333819 712724173 0 44250819 71643599 280858055
880426305 542386967 0 93060354 543855755 121973080
232056927 376926065 0 131117331 90825041 84959374
242210065 675256914 0 491523764 33688880 514402925
489152955 863048050 489152955 788109600 105395335 614076899
672149300 283069460 672149300 32809640 73315363 147081226
677356568 489352277 677356568 147455983 341553745 32901121
669839053 360720319 152429012 360720319 109446833 200334892
798754103 434242866 161981675 434242866 20759438 285460567
13374118 958582219 9249701 0 2139343 728441523
513487374 129995484 513487374 106636225 214323374 94623996
355282307 274119454 157997230 0 290898197 185706634
537408352 801943658 3530359 801943658 268079360 710323593
182824901 906489299 3739489 0 9512119 344434466
165371592 298568798 0 200914864 15626389 146376993
638315612 2937527 619603523 0 96748887 1498574
512713625 992508364 255377297 0 343201102 237048264
704347007 787546141 704347007 627651354 94125840 461636884
289104436 235017868 270434725 235017868 30278536 129506307
687651515 387724457 398288552 0 322881103 228755134
298100280 65527178 0 3854005 270634781 21358293
65246830 470949363 6079217 470949363 28894118 286482082
1286262 67964648 725194 0 557695 41503825
795387571 123310894 532111594 123310894 303796174 107608178
258160613 823500563 208073077 0 4040797 54632841
235840291 841585033 0 799743766 79091825 688373110
282968716 852237077 63733758 852237077 72644133 599816844
524828387 228325183 0 205091414 37445238 195506591
165106783 106114526 159700817 106114526 6379014 29198995
657111313 615341740 0 487538235 523774684 484622524
571153424 121309161 571153424 52497873 237335259 89825859
500022447 605548358 0 206839134 413319771 294930119
436882924 262039563 436882924 32074327 212898221 154892011
390785149 862973766 135883388 862973766 267891914 692692948
387228856 563185135 313334046 0 382628386 399937802
327398088 311223953 129163642 0 316434616 253516783
393462274 618226864 175901953 618226864 230126976 503227353
521155758 12773486 326013314 12773486 460826232 1820171
684854873 63139920 553114275 63139920 27842717 55720326
172427882 977765760 142664904 0 48230190 515434473
31923789 372325942 7814809 372325942 27396438 349393969
893250938 839146416 762925030 839146416 414680219 387601142
321986166 187915757 0 4212706 265159868 94672122
831949335 47995445 692140479 47995445 32630115 31903140
350710894 940889277 0 401855062 252577641 217262997
227222295 53298515 112112685 53298515 59802390 18081759
396885061 161155293 0 150733714 198851416 74995952
215606211 430738086 0 228100355 141871862 25075047
786078817 87658614 786078817 25910251 127603689 81451405
354542893 949980125 0 823758987 99878539 473409386
350271759 229831709 0 40320663 291202561 152287440
313806634 112858249 313806634 89259689 217433880 68710873
598082802 638131971 0 465355672 583111337 534935872
721278518 651309073 452347276 0 214104567 303651806
470695710 230853499 125002659 230853499 105402949 79891960
811303960 51122154 389364532 51122154 700260060 21133492
463171801 384590186 463171801 153563121 284257009 219374434
704359200 212231618 0 46533419 654815517 125261480
70201709 240181760 1636587 0 34258907 124727761
928572152 898368410 928572152 417365734 603438555 42967620
348092621 147358587 348092621 72521396 155718055 144813572
678712547 344646499 568483593 0 92661680 344516119
621067129 652528832 0 224061770 221822 260261561
462490825 965644877 189626683 0 14539136 660404887
992711127 919613465 0 410900388 619144286 809660862
200046641 703756855 200046641 562483354 150378312 650300582
180913776 275154373 0 153336285 47413417 191907684
76691393 135470422 0 30723955 74778244 121494955
384407243 400554547 384407243 278152977 239621365 217662281
995615280 635029730 351150084 0 623718485 454344362
53508898 935220472 28446152 0 49128027 100273284
662507608 549331850 0 185845847 482366095 356633247
106357493 961931782 0 728019980 25220549 220576768
384265072 685412253 384265072 421653577 100165777 48118565
949647114 475034227 0 412714283 745244519 414085272
516223689 171334773 0 94585616 2060435 4015977
475217658 406405269 0 175932416 222387132 300008438
995043213 863750768 0 796378346 678565696 429666398
317673958 608133884 289091251 0 303894278 292603729
680876161 830412756 640962189 830412756 352966160 828693890
430831942 464030810 0 187005160 342443950 169306558
629178796 445503796 0 187632524 289185170 44034508
777887985 987241379 15877649 0 122401723 168820465
453930077 46572783 6624204 0 67632311 12945415
914582415 896569203 0 112385471 226517180 238786254
741416736 782229358 741416736 76497668 347879442 699320797
591178954 707716077 158503939 707716077 169428366 482258622
56023416 605716499 56023416 503814867 38181332 412098769
314168339 158852013 0 29450364 663865 57140261
610160074 862905161 610160074 767266263 400300302 382706707
683127106 437001496 119272055 0 346222613 411460743
492139301 623467904 0 389463345 230643573 126172055
446096125 939603240 0 185091336 140316869 755050397
731469646 15477490 0 7381941 13366435 5323694
294291550 297149606 118471567 297149606 159704645 132950770
168422578 56360559 125235277 56360559 24013428 16198478
412320017 356937549 39819794 0 70390008 280849823
45428380 235851761 25570342 0 21346802 6530939
486936916 227609730 0 226189248 434105403 30515703
206548112 167231443 206548112 156314291 22381649 47793335
702439093 537786945 702439093 34774896 14305173 475386908
9231347 589292916 9231347 266723009 5261326 506597498
954366113 427101756 954366113 77475825 18373881 251706193
59502367 1503388 0 349306 7954314 191701
561705229 208997187 561705229 24613890 529850071 170442863
131724015 939961238 63126452 0 14594999 667850006
749868837 198851253 749868837 68892127 118162348 150058737
910965699 107362526 0 45252031 229584464 57943634
128431012 377227532 128431012 202884425 16709254 54894535
575541072 140748868 0 6957021 313988266 121035162
191732008 985890541 81726791 985890541 29924743 148754505
90184742 905408669 90184742 586463083 46636411 80578465
456922420 760686248 296249588 760686248 199553157 232510613
954846740 398687661 728405461 0 127161758 206294858
865707156 992097268 22332264 992097268 269549191 438931738
302902532 14544292 302902532 11721858 228098507 14410014
215554297 241558931 8291094 0 128795775 147092
479212206 254195845 195466986 0 227558030 149762399
224234089 996046583 30398626 0 143695109 28703757
150986031 962018558 98953925 0 132351194 699856691
653176257 775367644 0 91669085 506602403 164450057
311444522 436032076 110009535 0 167461091 387816347
582999226 962975384 582999226 645422068 534165033 687902992
241778056 908988952 241778056 95455749 12310599 551293668
877636859 455793599 0 138502000 297594766 335898497
113360172 661189092 31481018 0 62179322 477089401
835034870 650677049 380060134 0 598932648 464411489
516188063 173210399 516188063 152427421 152818193 81229321
631024340 668621157 49797414 668621157 266711578 271981589
991122922 398820853 0 263903701 145642113 124783160
874842323 76858801 757467179 76858801 717952910 8771894
90856600 799102648 0 737336883 21274729 691153634
701472921 11758627 701472921 9486751 449152691 11450175
312472519 577204832 23957212 577204832 269448623 339792897
15177376 603375379 10290236 0 10893937 197473713
637491199 968614934 206844923 0 8256493 497497247
726016187 280558484 0 268195062 183697961 4703221
235445932 605675793 158625259 0 234468683 249861190
694720841 122804033 0 52620405 46567670 77169857
526116710 929025865 0 301674239 56335992 649073409
553908469 319296170 158047855 0 248822258 141177104
322324232 801443924 103492804 801443924 267927569 248482833
734325469 829361250 528854974 829361250 3157752 423418749
267741555 469577840 5011421 0 255239590 442817454
487953303 901891857 24243671 901891857 32783613 396477551
518503382 361449719 518503382 56916966 241936308 91104300
491956829 742848246 126102350 742848246 176528111 383406517
203940531 885472771 190399384 885472771 67933001 156190316
124469292 231214647 0 127186045 8139569 229894635
407991118 12231946 142773179 0 358383915 5074023
604735098 405888785 604735098 187934312 156277754 162959617
221243769 520195328 189721365 0 21938967 77140489
201811863 727770375 201811863 26490052 14553768 723531788
920120323 586653829 920120323 276139411 205596525 328190000
73323222 179791395 0 125231490 8466769 144263806
169379357 660128865 0 427721335 104036627 18945569
97760654 607179424 97760654 333282907 58045459 178805272
723389408 471963707 723389408 94491546 225782463 350268369
209280690 950788411 209280690 805975956 194828094 930814950
939662130 13582419 53326831 0 122167981 8674575
872994213 499675832 155474957 0 335563660 433701854
874655266 933072204 874655266 400708787 492610525 545858566
876212897 729682050 876212897 316578835 324893450 343980674
103410914 520324347 83577950 0 48487484 235106411
825778165 839913311 614711945 0 128614436 216258394
184472097 418726808 184472097 115134919 178827444 315200998
40752220 675969602 0 343925223 6145716 63455721
144317016 42341242 0 19929299 137659951 39128505
702096327 569905580 0 97630407 208249881 353901691
536766667 360163495 0 144608051 386364281 26832110
697870789 916987746 0 490545206 3793965 488180458
372342911 677941456 65174623 0 15377215 665163901
309305626 543584792 0 366298236 192760692 435576187
260272651 900534075 0 778159967 217255654 299528380
747693678 445673770 747693678 270386649 526018568 402720889
75292005 834183146 75292005 790817245 3491748 270824758
335527805 845969433 0 749250932 264728183 167629112
707121660 894581519 170155869 894581519 362059593 549750068
783377803 173929780 783377803 65194120 155553843 111463125
548672089 364436322 1359960 364436322 12794190 271664412
104441131 658104968 104441131 442641897 84301057 268053074
312548942 346525452 0 303951704 83427654 43211982
920518732 783021656 41584729 0 894613021 396119514
492540413 4174871 221050588 0 374866083 2220866
887301621 102456677 0 48351738 415720506 22891398
979982652 352582347 979982652 121956441 680623235 6975162
879730942 416442964 879730942 6005083 579916649 340924506
833320188 107710567 833320188 16263411 172876798 101078208
439073294 436630980 439073294 83948626 42325236 205390310
900303919 675477348 688736020 0 98002569 359190770
291566149 890190428 220337752 890190428 274438905 383990598
308909320 608905643 247353365 608905643 105870119 475662132
183491413 594588142 147385450 594588142 52130873 506296078
78054068 469471331 78054068 394959242 62725583 266309056
771187305 273712958 116213147 273712958 743144480 21930397
1328941 326075353 1328941 165837292 208094 322526724
112715636 602154716 41280151 602154716 14610260 99796301
694108579 528383376 694108579 184425331 98062544 520744158
170080578 359950247 98532771 359950247 3562229 217124204
477940932 463758331 0 89516480 67559832 29078645
223398231 564945182 63085720 0 155771239 96349249
349173631 475384872 349173631 107114824 33095351 391796147
75119334 592529221 24899703 0 70366091 5055035
747751426 704540237 0 330023820 616014200 92747689
506466932 410455127 368643666 0 137046894 73700281
405532483 847858738 0 104004662 263821014 830853494
163211916 971228505 0 929203807 15123759 332119970
475108303 676594218 446802802 0 188731678 326865210
905775861 73474577 0 33838028 167918851 23060862
136059431 384471655 0 82752341 68912101 234031060
990238552 703721759 990238552 473850071 708515985 238052118
123593162 256028960 0 61031076 120154440 4804592
141790650 43950393 141790650 11073625 70638943 37672611
151522982 258966583 151522982 180703504 119208519 129964477
838696678 555301908 439341733 0 374978616 236618459
355988272 818647284 355988272 741717783 51837463 229874665
510792631 154214700 376807067 154214700 168235716 32253688
293077470 164184653 248739674 0 95409600 113204215
768407228 521226185 129416708 0 581418124 54819782
351951837 259709698 351951837 157855998 9713483 158883662
934430850 689838013 934430850 673791608 282848907 139073426
224060032 398329313 0 395855857 133116830 270516612
499935380 421605982 0 349886007 29794046 46634906
885181661 300120860 885181661 174586283 457598272 46361604
45611169 614796320 18766093 614796320 21128228 129005991
818178102 254713676 625616860 0 468244442 199784507
22961598 968169845 11564321 968169845 9661395 557090358
631642816 408491764 602853227 0 456430465 280765747
895184764 820483426 0 127622282 768229260 519827208
121798160 52161668 0 21505383 30280840 19615303
206133097 37774104 206133097 622956 164254216 17198888
369023586 237225456 369023586 62494162 290867212 176413137
753464224 699541727 0 103236356 551639542 14368630
298720414 450946930 298720414 401290591 97898121 30840229
47561546 956539933 7326403 956539933 7603556 705215708
793657835 888656432 662753471 888656432 292235494 325217461
261935756 374752362 261935756 51941360 19535170 364475895
139703378 731678372 139703378 278317602 35024714 244474948
343565958 296501957 294408933 296501957 249743458 162008609
404562978 87528931 404562978 26369730 215406462 26273815
781828114 846536579 0 732771472 483558137 279790000
163185706 201363113 163185706 59665242 30660820 161282682
330633300 782398555 330633300 586196991 515614 437426331
516424164 489785422 0 28976103 463808279 296503937
84965669 191583786 84965669 30171356 71539458 77239853
269591747 155449956 96169893 155449956 210757493 28499636
403990616 806615402 380083823 0 382376351 415089799
153234226 7549652 53679371 0 78321573 865322
348861776 639867674 348861776 568221795 260086511 496930750
193522805 425674821 0 104542673 21961020 336876850
648773315 527770464 648773315 113221947 140274349 233321444
764202524 204397374 764202524 65421642 355883699 35563694
616811178 676971715 616811178 210383168 406336249 4300269
717683188 617165963 0 230464110 339077358 196085051
17936875 126225159 17497309 126225159 6746741 62107388
473455084 961448330 473455084 93372592 216503179 52399482
999206974 904557096 279039317 904557096 250591367 716852960
301776970 857696528 301776970 401126739 182928889 330504157
105404602 145227244 0 111712755 104249021 7525521
80076645 556004578 0 436681769 72487762 63550677
446948630 149454527 446948630 136065817 164184213 108056943
432068682 429367035 23768951 429367035 380082207 212737493
675303471 816308080 666735693 816308080 620692846 516422993
62179735 126900809 14318393 126900809 147805 78403266
862210322 956602584 862210322 288081863 224691603 304396196
480223159 124520258 310671660 0 312164776 67834411
120712419 475175555 120712419 428422080 33017534 132898481
552138957 496735906 283790836 0 96534631 479704086
410151648 80599444 133669523 80599444 114545664 5612939
655162947 263328122 0 40999198 329917209 133945196
806496454 697674692 0 365514523 143311162 591779685
345770583 180947640 0 29572198 122687278 180261679
746895100 178881996 620717267 0 241428195 76384961
349738745 908017154 349738745 145857812 125492197 221187593
738449659 753580317 141704333 753580317 519718941 66119417
946850366 500766039 726026216 500766039 418070174 490921812
626188612 107377433 615841525 107377433 17192161 49855342
204227665 33338025 204227665 6476478 57460792 15409707
43535869 651278656 31340056 0 13783729 591146475
883565103 861965117 883565103 852670344 518109392 776944022
878115533 600033747 0 122156656 260400521 120069432
714543393 507106824 103089914 0 392207076 241436291
943278711 285025983 883865427 285025983 196396926 143240079
280837053 608418066 0 87279743 51906457 490370959
929828204 589059679 908808786 0 91884563 435515898
566072760 571520965 177767535 0 339698532 415346609
576365479 302396646 576365479 65565046 132968809 205676853
906589824 120885535 459372123 0 766611702 20684477
543480588 383658896 0 320704671 381236402 12214805
640726156 738171035 74603620 738171035 24500191 624426260
929588329 898948911 818245394 898948911 629229061 496313251
272452285 604450766 247835832 604450766 97806753 574759835
510074053 405762297 190607368 405762297 403306322 98024668
592992017 455444651 590277437 0 257043232 292745968
536943365 678403228 450782491 678403228 157339157 577242950
509787147 268928959 300674205 0 175562435 197720825
643498692 594630320 643498692 556653162 118301372 265368407
381744222 441924584 0 428457165 354286991 233049491
915861179 896886534 0 706006116 335514594 473527024
286430423 231518858 286430423 115517132 169139087 31810148
315175136 318770212 315175136 59845000 54940967 2993547
685717791 324466509 638088512 0 653798498 240256378
209481893 524429929 209481893 12319406 191056753 203265640
71481834 311018488 71481834 41974990 18136255 24685809
722282454 894272719 722282454 9038360 280625147 686075844
803298554 158344682 102806858 158344682 517131900 152846641
887191502 569425564 887191502 396065584 597657982 401431809
539076066 63055880 0 63022583 425649592 22070970
825459622 351450227 87439635 351450227 494671679 276392447
243547506 575887250 127203827 0 152399485 332792302
863800781 815876702 0 395689414 199191040 84915283
847281114 447314154 0 143835741 741407313 72783399
279402653 750625826 212939906 750625826 190739433 435782225
540476883 618391407 0 209968354 401123928 482299790
452268310 348324617 198707678 348324617 101523664 82276455
570516568 514385222 441726394 514385222 506523882 231981286
498970443 149747379 0 36598580 225395139 133091661
515479590 914261940 515479590 902038631 433515914 753065184
809166718 29891784 809166718 12382653 707009707 3150561
119880611 142801434 0 1303054 77579353 54460279
289633667 785145979 289633667 83972587 62829982 523881987
946710993 200129461 0 18812548 42616757 139593407
528829063 41238647 345215504 0 336146557 27711594
223460300 255690967 134064962 0 212562375 20226411
138606950 755813944 0 594777218 110811273 586177141
284787268 46686224 0 27636430 254313110 40380836
322687249 816935096 0 721929757 265328287 708961302
25784457 615709937 0 245737189 1236306 51329082
979864695 909501289 741046790 0 52436197 313962021
842884456 269613480 431098828 0 28213744 239704726
77634190 705796259 68596668 705796259 3376377 47494296
845392939 933206634 527559012 0 480828819 537909758
459485984 902470520 459485984 92439304 151134538 747714218
884871568 377353462 718854982 0 337116425 53489212
754442443 704060685 356504667 0 346616855 99022958
317328156 824940258 0 519094664 314535529 717482720
62300725 878338895 58697647 878338895 34493314 871478560
662228955 439692680 32323777 0 198227819 93131742
778033819 639337507 579164520 0 336626503 101091582
472488953 410314884 421930541 0 453193386 30360253
637542328 471993139 0 433898512 399318755 340033785
107123317 441832310 23132826 441832310 10371999 379905400
365053717 101984544 265117646 0 112059480 66203315
912670024 311491009 677218241 311491009 140789511 10669688
578321073 577237499 578321073 178520412 90929993 198584427
989638296 338406849 989638296 312220561 492940427 128660312
225509353 216615650 0 216106061 198039406 45668976
755575882 980140491 120495373 980140491 231167657 285749224
573608035 994545074 19862500 994545074 89897750 919074938
670643496 1581443 670643496 1413176 29007847 961868
925605620 128143860 0 79168669 396241888 38637530
455960556 86722046 197683632 86722046 239992044 73397462
818747644 123782539 403423989 0 236602810 27864597
48775335 718937271 15236682 718937271 32543977 319949173
327410455 255023464 327410455 24950986 290377758 107817661
956099334 643770954 795861627 643770954 162472153 162634545
871730216 173168378 479119417 173168378 534559389 31262119
334702876 351952870 0 320520996 186207300 57585612
651776054 865404409 651776054 27986881 55644496 681959665
115972452 998246202 73082002 998246202 50081633 640827737
588075235 541717970 562299807 0 214633748 414369534
975900530 429495900 975900530 182540274 304679831 295222763
50167435 474975707 49745598 0 19845228 130795841
936859975 648424710 936859975 466958643 813663615 545988835
881923403 977181545 305201196 977181545 585517780 336331731
468407468 838461517 468407468 701774425 158989210 41831121
549732993 457634739 549732993 4935285 131542492 26786459
480624267 435676362 26474093 0 406615778 114321290
289768124 805169192 249934199 0 47495076 234728961
709768096 822205651 709768096 411223494 258301065 125398874
989308247 730363151 861974482 0 730875069 13693197
17104572 611904506 17104572 196006220 14644726 474445175
335758771 634883808 230814464 0 147456448 273264748
369563813 114457713 335406844 0 285884169 40722716
715315155 661508398 0 606033359 295461183 339673601
22327446 907737073 21398695 907737073 22117493 92504348
42041108 126218138 0 53750093 15598280 117627519
140050717 201316249 140050717 190028265 100825379 144773031
302947095 701094508 241380180 701094508 192213433 381457823
506387165 810753866 271596422 810753866 412856209 541211786
973951684 44914219 377400804 0 507327478 29288733
726436331 558714719 0 294616527 4587912 336714240
276203249 293563743 257154879 0 158957192 35698386
930563393 403492758 498450831 403492758 302568983 388674188
253851857 889537595 0 26902768 85199718 758563531
383352614 721507113 376908574 721507113 282829029 680156298
3956195 818449437 0 588819619 2015895 734625612
960514168 180841576 323469605 0 54720821 138773114
13822858 24997275 13687420 0 4230397 855891
368943973 114571496 80633395 0 338442242 44023952
486565860 720083748 0 41926898 439343876 457449700
577733265 694696270 0 445121548 181073669 305972507
138425099 437584512 0 166946115 17115465 169185593
519851548 808952983 401659486 0 38623650 537037285
759441868 844401682 242118787 0 120666761 400446937
859144225 681445331 133928905 681445331 512635426 106591893
257284808 545645365 0 35877995 6161727 475471428
856308405 631682446 164481741 0 670171389 218812472
518288327 918840802 0 588577221 209121436 691600152
20693191 930157829 0 582103776 785203 860096734
902217414 907336744 0 228070851 427212645 484348068
584247089 548394202 73146632 548394202 129087081 186759962
234755070 738351538 154101094 738351538 221022579 230445059
793171690 623905413 0 464508931 453898789 579146964
482843961 296000889 378032317 0 165707662 16168128
812064540 405816691 812064540 216533692 741884453 304915753
51160708 106672774 31613702 0 44005305 93113177
11656379 498203918 11656379 390613979 9429404 494303958
147548178 838172612 0 80870876 40938371 690085746
349737826 728505530 349737826 439444163 130650269 187646570
734196544 513849225 0 104562699 259143958 289898783
997598569 497316847 997598569 45645815 143639224 130591145
777321370 275751744 322033558 0 714384429 224916837
525343429 376345300 370649405 0 520292222 250172292
806212514 368211936 432272622 368211936 143533092 204456844
255719413 29285388 255719413 15953569 51188634 8465384
981408235 848893397 216577375 0 550795316 735548491
800903408 161779759 390037160 0 112601452 73208224
241607529 967438859 0 608975111 7476840 143990389
820660080 608212528 737846687 0 149712614 342998079
381299681 25311596 242836264 0 182878041 21811137
788320115 179547082 788320115 19762406 524791359 165656278
398841055 295799071 0 121008340 2408395 10868153
911100521 619452487 41191760 0 818557866 572047324
876262365 549920160 876262365 181604412 363654117 174964142
141789729 164748116 0 144096228 54865494 125734135
725136564 595438594 139327900 595438594 94038251 11074487
82878994 937188650 0 879410303 48363765 739752542
30298367 503326061 30298367 309686181 22719985 292949718
631585497 650949957 0 297898876 88071916 137296135
526961523 412231081 526961523 227632163 31012308 252797838
210908867 507675248 77210243 507675248 40377965 41104392
301854097 25847407 279324928 25847407 258274503 24464884
204276586 65333867 175849787 0 131841390 59023812
910798926 260101434 0 50681074 195846505 211729444
972227395 377558124 297287529 377558124 135388346 33952726
197091868 74986146 0 32574341 56074675 33726786
854459416 363993325 365208591 0 66654383 298460139
100236544 854818880 0 712162325 14692475 434471144
602925140 810664064 460304633 0 119279002 9501538
261479367 924407535 57952661 0 8755065 290915856
66927305 895325887 0 149938223 6258657 553794883
609979160 138997801 609979160 122463523 33008127 125019723
661389311 935144878 592324261 935144878 461407939 477792616
31399334 310626841 0 284413880 25607931 93840507
126036055 910529634 21189063 910529634 90143644 413808246
441383901 590438354 338287785 590438354 149329027 464770444
525512693 248678948 243353343 248678948 402312914 174210890
17721075 138620866 17721075 39026405 11728545 57287689
794746478 855713855 794746478 702223739 99455633 17058488
879663684 429021018 170190561 429021018 393071299 271460635
534000762 47775378 0 11836182 479599859 43108929
347253969 834005617 116098015 0 84080303 13621548
843025170 758989614 843025170 127772789 661411724 7127430
784627849 539458415 748668793 539458415 238205194 318624197
301917630 53057967 301917630 19072974 128943930 44695049
699150141 526908694 128258760 526908694 378737485 22843793
704017294 851928557 59410946 0 263286428 404609034
16495532 573486509 0 442072027 2810018 360720324
705998270 1017469 79229668 1017469 669466611 172166
914473599 692933068 506378217 0 328401833 531582023
278343690 146808169 0 6457054 12815830 36855474
50413945 430081591 50413945 85730543 44049090 47420747
564325968 921975013 96753930 921975013 432280838 816095351
771421637 169422290 34977961 0 72613934 120014640
906586558 343711380 292236739 0 654329268 204737737
339337810 85372640 114052779 0 154364455 26859958
722298100 58365195 710045548 58365195 570794347 36022600
91844023 491236976 91844023 274739130 13153579 205329409
431091748 725304259 378422274 725304259 74314937 425192329
109149435 315668259 0 169035971 70542832 312685628
533934224 238127833 276063579 238127833 123325640 80653844
267642816 80418822 0 270657 196360658 21169266
236607700 46484864 138278033 46484864 192201960 8247931
26157565 933536649 0 797010050 23743940 825593238
293359850 606409348 0 126198077 99259109 265590147
801909263 874645060 0 202245478 800623754 271926066
37141321 727897413 30399774 0 21389452 71872561
915282374 804500834 738730715 804500834 319557340 336166842
953212914 668321491 762848584 668321491 597364960 29238334
222882320 881158191 0 679544520 13763655 804516525
403343220 273164680 0 191200521 235191851 201093990
513556526 92153413 10916168 0 438783741 76678972
162031969 208427884 112339636 0 95206577 192674101
651351757 333416785 0 226013275 495153997 71917303
760864666 396402830 760864666 141305207 36266303 5934725
282453331 933625060 282453331 725834148 237089911 586521700
119780409 499234514 0 245835342 111777992 470718761
987866200 930178716 863656571 930178716 38383647 155779357
975744681 377301138 338944685 0 817060591 302293623
173053290 130434779 0 129409263 136882106 98486840
218845319 302570725 0 150094119 105843708 200942760
208749286 241587392 0 126194015 135351703 122591044
872772612 223175213 872772612 8017443 811907714 27952142
913496420 774087731 841042535 0 802844313 603105038
391972930 798875548 0 538541337 182131401 94168054
628558636 687577439 530685857 687577439 237569933 290282571
998321106 958426095 741931869 958426095 620705053 371467071
558295422 30308602 0 5487045 358153715 23208568
314052956 369135645 0 66339443 147874334 11940170
513758433 790115396 338965194 0 279150921 507239914
903060698 30701450 0 24261370 203943945 11487530
765338632 850392155 697272526 0 334698341 3866043
895783301 367100790 0 175252913 197559639 293524828
922106518 536807074 922106518 157002212 526304398 165224166
124137635 24797522 54558621 24797522 51776176 5968001
970623488 400125916 581751889 0 621265392 239258259
606461822 97261193 32982889 97261193 155437335 93155416
320798719 351580987 289716742 0 169730653 179424397
456951724 127850412 285481783 0 260455235 48945616
521631984 462834384 220054811 0 277739988 193182842
586441653 673994088 0 125893189 281080824 431332730
969194789 219685504 0 57027601 903339873 143580561
100823831 439756809 100823831 398992099 77770499 365393927
793081039 971916435 0 313266031 229704156 785398971
367252486 900299010 263718586 0 118907572 608251252
375077933 144861785 317666613 144861785 373247713 83479629
433364484 187666470 433364484 22588685 387628836 26568376
76842640 923381327 0 448914017 60990168 649814903
26652249 206434613 0 28656959 13144956 167685190
610442471 353787404 0 239382933 420339375 143914712
83631062 9886692 83631062 9361583 66748797 6460356
266012786 224034190 55749537 0 161882098 201508344
478129979 307258559 478129979 161485327 1164110 154204625
614691877 331753650 0 313954331 503835997 87515541
16998455 908542744 6351714 908542744 16620783 194902932
58616771 277365837 52174715 277365837 43450666 69454571
8379381 568620293 8379381 1134668 334261 360226126
575840917 160610164 420008423 0 362927477 99922649
448550477 471169233 0 357708676 233345972 171415386
8904332 896899834 0 554668297 1295678 816850712
313275749 939811346 209971656 939811346 284345264 567156045
749895526 153497691 0 15648479 157191185 103872481
395553387 602708738 116300817 602708738 293234094 499553590
46898959 525397684 0 173857494 42631446 406880561
931667415 708981931 421213801 708981931 908891640 544291736
822234985 138445780 131882787 0 325471959 126531165
409382445 444532556 0 403740209 197627881 197356867
224652926 722643830 33308047 0 175622462 711944173
302198564 398271625 158637479 398271625 254654333 366110522
181581436 255933375 158957292 0 26844747 148236971
527708580 840086534 285621579 840086534 354567805 484499919
682689061 452353250 657075966 0 288281539 417366230
710241015 559139384 336841087 559139384 668132879 217634110
429689642 939957304 0 408380609 55268892 417312964
936047403 740603213 0 69813919 200929372 203509626
517830053 494306190 0 162154717 508333489 191759124
478795876 963604061 0 579387720 210875501 178149325
370301269 104671614 370301269 71369924 280277811 30661520
795758808 451563031 584875491 451563031 755660396 43150915
66834759 14089308 0 5101531 60156992 3555108
641993171 407789970 501939470 407789970 227883554 8877963
958388623 889003724 958388623 339213878 771408985 795315839
338885768 973853604 78058008 973853604 263780151 681927583
451170959 321705149 129436346 0 4341018 109877806
493011155 733312005 0 255241917 268598871 300483168
764729336 691913152 764729336 625920611 758433811 394390222
340707132 14245514 283580465 0 177756659 6386715
86231535 236660500 0 104359960 44465990 115880231
122163630 916885163 0 341396367 119989602 183602924
195600642 482034697 0 227523444 48465561 450041905
760122471 922208887 0 717364111 471591255 822989373
411804774 71959725 0 36374328 145972571 40826707
278764059 825378379 99678679 825378379 109497580 568129241
159239138 895456500 83166688 0 77111194 504089382
735428879 242008726 0 149312513 168539745 216183408
60518147 741100619 60518147 106213195 59108431 635993505
468524251 950022395 468524251 328680897 22855696 883547380
447935475 614693482 68742292 614693482 322098235 141247846
728454637 359622477 469079954 0 147497604 215342201
230770942 873463882 0 184310774 44470744 152379523
613285010 157717720 297721153 157717720 440832398 74166628
787559580 115493701 0 51511214 108364736 14164651
813931770 37943509 0 11719429 540422345 36878623
514384242 851751043 0 513845656 356485076 255348826
605896664 367444181 0 271737951 411388064 45246538
163471983 783811753 39311604 0 140318086 224461911
74260405 482664980 0 228132366 16777000 295066780
313790911 552352893 0 270580639 242234103 415519178
185038107 932967780 172046257 932967780 70615589 368445217
9320537 724454926 9320537 503010825 5408760 677857613
130303391 79546356 0 77267031 106694355 1208482
747548227 150857866 747548227 4245793 241171061 136965886
269208545 17047987 0 3152927 166625558 2646554
432749905 761770554 361025251 0 140909023 27692632
844167669 698084098 45190749 0 783378899 338408596
703746252 90063118 168998272 0 473132586 8504536
126726734 384167138 5532491 0 98407969 33346864
995871430 516554420 364346270 516554420 546386723 81474654
520861093 915707225 0 94089781 55734442 834310390
93965172 547992518 73104168 547992518 32871364 486583042
400322996 290254450 106584844 0 180261600 164360562
924543453 108850205 924543453 53583906 152069696 39008956
394138296 500601982 279982781 500601982 254171740 79147725
558237945 302348319 273037599 302348319 40336988 82531564
90083039 809904348 75483045 0 47710089 66926301
319306664 329086246 35660896 0 250898049 38804319
972183613 807791449 962838766 807791449 7072399 83955690
453870233 206689046 398856370 0 345913302 48758124
43492338 955987978 18739288 955987978 42488340 111015307
37234826 332916655 37234826 49829979 1677686 80322745
122460 372015269 122460 35044211 108127 30145351
978578831 163100987 765752430 163100987 166457080 54843257
378177309 240527419 0 74516525 374243696 186050494
334608179 619935748 0 350201266 243671402 216148056
592701793 423324608 53010171 0 118908337 208581546
985098406 198996830 0 158647940 867013486 25942840
435140927 31973141 435140927 9792665 41293302 28043346
752745231 998123565 0 650190505 230589813 190919549
42656922 643093888 4160417 643093888 34204958 311494500
11477990 747753112 10500774 0 10461910 194792316
822359178 171068994 618207564 171068994 401702729 49886340
968025187 51065246 727473963 0 542287950 3160200
332207053 444506286 168425936 0 207704310 278218367
378867230 637299964 378867230 349489492 86371023 24172803
326320929 271963805 154475013 271963805 10734565 260692156
183709820 657085496 73521621 0 88127681 420979010
681133379 497098096 677391231 497098096 639655708 254169721
3064733 977589732 2279917 0 1508296 486900770
937130260 773083390 183019839 0 109020122 563369150
136193580 930631839 27443232 930631839 81930684 144931889
430921604 584931452 0 255087842 322902967 148494856
962663893 817775352 926130532 0 169718798 346976253
689936264 320427328 136561273 0 538748199 297225897
193712527 755762246 98321604 755762246 51304346 102170778
558869037 955580814 25053984 955580814 5476780 818369941
939848971 740013911 243528275 740013911 837255638 487875693
214221336 682175884 128635766 0 151499463 107930198
769393254 578034394 0 417317362 626109314 143768129
98266763 259471 25421930 259471 29390394 259435
949962053 454517518 949962053 173344700 334649891 186631126
603046086 572567668 361402604 0 558330541 157680482
174069244 852257891 43972661 0 156324305 238677424
838786298 50693520 838786298 25039766 225408918 37980988
660059223 805452300 660059223 773117376 553079036 356214820
289245890 95926417 225123239 0 236976317 64492704
583794070 617765642 139337387 617765642 245889765 368296370
881397349 386034671 0 281395574 836545502 206729306
37215942 368046157 26895982 0 13413134 265483098
629901299 712935672 0 34610977 44083924 445189516
379475111 695007411 80757517 0 96363581 654054563
922679549 127475632 922679549 48590451 31752320 68209171
731187960 739121788 731187960 585653911 604371394 187079449
832594212 919038299 832594212 393309119 574967010 314069062
533881537 146123459 104926375 0 449025642 92868782
419338907 755799996 170903794 755799996 213196400 696885134
761045605 652810845 472710980 652810845 527543041 347527938
42688245 318386209 0 271874572 15873714 97171953
704725680 740237321 694585602 0 354256888 673874342
306429373 64889490 0 10681762 93679888 748480
631745948 819704890 631745948 395579401 395597747 644642717
789571581 263530007 668631862 0 9982041 37464171
81018978 159065648 66622614 0 4700438 61909294
307504230 149599682 0 99686370 15992391 144222300
474222648 127450479 0 56399805 80618948 43830257
936641707 677548075 936641707 253315418 428935658 16148642
265627628 887157706 265627628 703103472 11024181 696931787
31240871 826813519 0 294845234 26228139 332947631
625640294 50468892 75242084 0 587504307 737786
12537075 904659356 1630031 904659356 1691357 283789378
541702776 532706639 0 295915165 208002826 494482106
183388862 904135808 183388862 758240533 145714071 168596890
809198768 731846254 770280707 0 199249144 501262286
522140310 737053530 522140310 434101631 199942116 366780119
347799831 48261595 347799831 36440597 107646034 41767311
150793796 267951111 9756722 0 33888811 99692671
166449342 942648007 124047367 0 149891803 288544481
373905313 96186875 0 68619354 93881782 34377391
600954722 938388985 273450748 0 477155063 885038138
284857892 724809623 146288167 0 94263887 94957176
534852288 73343699 341304561 73343699 147656277 36343484
744698356 35259229 270296501 0 514637233 2188163
919265647 466330427 774294275 466330427 631439699 297434146
785160866 448975965 785160866 404243925 251310118 183019110
349205979 107109886 0 93431207 241618586 20262014
445286377 382774450 0 232529239 31099067 222458102
516748559 650284175 366490798 0 348499354 404480952
974429496 695752203 0 146592626 433064795 436013283
144590545 605915693 0 421784841 140271930 264321730
174368292 111664145 174368292 1488991 145332421 69459971
865043770 759423536 634085730 0 294225312 383563903
791666802 313499593 503150725 313499593 321319770 190089255
83299254 927868907 83299254 237754983 80809306 537394814
893760385 19771999 0 385345 727210103 18771029
511068004 925407902 0 918015794 256457647 395582817
292938618 942967045 0 927300137 203443229 878827864
535010846 655670347 535010846 23906492 402901770 607073748
705426420 879640145 384666907 0 2218117 314999926
575482047 278060098 364237283 278060098 169923284 63800830
437270180 824431103 0 436962754 390691300 36382943
706077114 288109513 479179485 288109513 388087845 79120665
434892264 647854755 287983102 647854755 196594450 177685136
380421294 34797942 0 31488054 50007272 30190539
428189588 146142303 428189588 83000818 142331732 106518488
188602564 315691286 135697948 315691286 156411960 129718781
746419603 561923746 0 280231583 593022864 183477928
146795043 151204685 6751850 151204685 62693486 108845690
175619255 563151380 164529905 563151380 32872249 221513500
941211792 870972842 387123473 870972842 269309591 596892702
412392472 204106712 412392472 113582845 260574762 93966718
974134154 188857689 293514763 188857689 719133317 36321190
719092085 330944624 0 9849440 450448856 73801233
922639761 935230012 379290923 0 612755261 587436655
62677190 549308375 62677190 138884102 27556925 544208858
64645768 992794049 64645768 675440357 11048469 669066960
915765291 617279517 547728194 0 671724149 544776409
201742420 321859122 201742420 259803010 104881990 8693664
861675219 559852893 861675219 314401893 224819280 46808672
379480455 353420971 379480455 320124539 201560031 215451731
279893278 202297007 0 142283318 131546882 1473210
919044202 721173565 0 114421263 363512848 120519360
413599276 446484358 220271173 0 84868928 386458191
147796802 590318112 147796802 298018220 37662040 520863434
475159441 336079026 0 99524001 112706625 114143874
711106084 330907405 37018496 330907405 599414240 301048011
61715907 237058576 23871797 237058576 50850373 93801968
48211942 115315905 0 114079399 40659779 18845089
438250091 760870262 378406252 760870262 35919972 351653143
325754182 451263996 180558267 0 554291 336286176
416740161 753838115 0 372970348 91373912 585467856
637505618 825222436 637505618 275124360 255667558 398309054
307688587 277476196 307688587 124860316 174923662 227264655
592651394 93921555 576750135 0 570288846 25920119
523834369 583623669 0 258982777 287215894 238339470
969790073 184847422 969790073 179361870 366780832 124943885
253773832 536511375 53360469 536511375 128482793 141958298
561548195 342214194 0 204090276 384961788 14696337
345276009 921616708 255604064 921616708 170306815 81314244
662339151 23870313 588097631 0 636855477 10106544
311754954 86729886 311754954 41068670 156574515 38882037
332592027 426075847 0 393743263 152241428 406415451
883169164 941302057 881773156 941302057 435871240 855797171
448808244 999680614 192069030 999680614 4175679 201022699
680849041 192866529 680849041 117934660 291060877 191604419
745364782 309641029 745364782 85565975 200376457 167069614
330946728 193204369 75832256 0 171106632 28282221
839369766 516059576 406143861 0 18381413 445215359
45365601 300604279 33300949 300604279 16143601 212274386
555128533 198194647 0 151068944 172229930 92936098
954286073 77338645 954286073 2813137 301178602 66361152
568188597 516594317 315497459 0 485657206 333942036
522808524 655700329 302108561 655700329 398489620 549901968
570048341 582543100 0 219384203 441333435 232244393
670191707 777471933 155327104 0 495371334 709815829
310429962 950044392 265082355 0 281173663 205256987
274374189 550502926 274374189 255444062 89920333 410915445
773669652 305216751 727990203 0 305261431 247569407
330070948 549682189 0 319461681 271635230 196267471
425584335 892082422 0 783642321 65715002 10164527
100688023 182054882 90792811 182054882 65685860 32431410
490651144 813881565 424078831 813881565 297845822 422147917
836552461 781608757 836552461 638214909 2162627 204924998
932347250 227759278 682125455 0 256918347 159457423
166778304 246040966 166778304 53202982 123157617 211114167
6319623 530042203 3892966 530042203 1977145 154155154
461738733 469367328 0 411608085 31163789 52831568
466821058 835367649 0 369881651 239300389 695976469
588853558 712437968 473486374 0 190998933 81004894
495150703 686183648 495150703 176294297 318609498 320716135
331135790 77499424 331135790 6680138 7870286 46772366
690902221 71674062 222557252 0 359267236 14851998
537082748 768923641 190327723 768923641 105348657 539137590
196671488 652833261 22691468 652833261 33415021 132388739
421284294 742261177 421284294 628472376 330242436 534001142
813164977 219200334 636386647 219200334 519784062 59660458
808542900 899660176 0 738471692 384664684 656293091
652825834 954303757 19648914 0 304460439 157244579
378769885 419989643 2539641 419989643 342183368 341843502
803755599 565474593 803755599 284549516 403307788 513249270
926256690 479760750 231940188 0 472591203 96705491
690165236 993453904 0 46905832 419786653 535905657
939307538 164883953 886446267 164883953 161818076 91637201
434388509 625492152 434388509 362339888 214665412 138020880
819276688 230150149 819276688 193318188 352064506 180039203
886282904 104934873 376348413 104934873 207793193 80393553
849870299 625891679 849870299 586981700 38293674 560951072
739706545 22988077 0 15391339 483539109 22811397
965353838 39682890 0 10355653 269332396 16362318
957887182 860852243 957887182 595887964 951770900 807987321
677657543 861011027 677657543 214163057 450499177 588669662
996903155 294480977 996903155 112703547 959870618 119100877
854280193 357648172 658721656 357648172 121899190 88187646
962589324 329401034 962589324 178542556 101784008 287598219
290872884 926609520 225866455 926609520 232825556 7606725
595990132 436915574 595990132 319565548 416735173 58013810
702732956 323031115 0 117184846 641109770 28075095
569852564 462507195 0 123212521 482625905 334218331
866569598 835882560 52482145 835882560 15174559 90743345
691695713 881028192 187363439 881028192 238048981 357171961
839550180 190681235 839550180 56543966 259618734 104606663
496732102 994987130 496732102 38785594 179904154 830182251
120533351 706936751 121234 0 77426120 643097091
206799382 600011670 122931038 0 83805125 38427855
276384604 192335026 115621800 192335026 9844044 80133164
937684429 374685792 0 223515732 797877104 373749074
797642730 313389589 635272227 313389589 453518376 248081008
312391056 91764702 0 38153400 69904597 82432782
34618405 183029171 817000 0 28457317 59456898
598127020 167208817 510964449 167208817 40408316 139523254
423773718 503278027 423773718 94813389 411318842 329588933
184499171 310860813 0 118436278 147089509 285819335
2661823 308303703 2661823 66845620 2174703 93760877
226153450 373267959 226153450 65226606 56846105 293050894
339657015 709945408 98428670 709945408 98398039 13127308
487467584 362089506 23959679 362089506 62067091 223409812
667793489 314382781 226633271 314382781 363120536 262627030
458538738 322338210 0 277626335 424370628 308788774
849665730 945174605 438139191 945174605 1535013 412646969
12594409 456220773 4979805 456220773 8140563 315952178
16767165 893623807 16767165 610880801 11974770 182215012
225454364 809846095 0 290562357 105484433 81759421
985872256 351300844 522413863 351300844 513838677 322934166
880476893 819655118 0 514455787 572921039 630500794
80216241 28718159 25775878 28718159 60080520 24902298
441634598 128434523 296265385 128434523 373987826 126959556
709712190 333640514 709712190 138995874 612662639 217453939
349619769 662313367 349619769 48557073 206535136 241989994
846363730 650117190 480865624 650117190 239614663 375711818
955231993 30655392 0 14253382 27071624 10637273
804769733 804977695 0 479870631 435698843 118253474
564027319 781166500 15722097 781166500 339198131 612827660
372802378 188981041 268045832 188981041 307939264 175009079
885488888 937323773 154851585 937323773 86252534 110772184
34334615 526517916 34334615 287730183 5361500 325961401
874380917 240323917 182486758 0 712256462 21110850
160231579 261806716 160231579 10597053 62154583 190327703
248380160 440274931 222036627 0 85126653 230632030
241124830 93538179 161457034 93538179 58278531 55354992
595069196 731583139 0 383375098 477993610 164833696
184189392 511269868 184189392 98971899 77048578 427628510
245054034 526143416 123488305 0 125785215 405291143
393755606 626379681 393755606 439334443 118531042 60647724
188026658 719645533 125339888 0 130276947 687691435
673060984 848867743 673060984 131558461 480296213 699084307
774759214 193777201 595240474 0 532884896 149204311
667474673 778387546 196243129 0 237428787 710818472
227710516 784767087 94009258 0 188070412 200915264
140287407 344644974 0 196300886 92058705 123362726
515046526 382843907 0 85809798 178439497 247838844
646590391 925136123 646590391 875079048 156967842 222257272
753096323 193702846 428103384 0 377144584 48872748
649690255 813285526 0 294188831 175293491 39283234
275910066 548759557 150838108 0 257273955 512899892
134332887 857771356 114843888 857771356 99481773 484342956
169487678 216967309 0 167357995 105232210 79309083
956920275 776385583 0 532455285 557938038 283816752
744460765 291047091 744460765 61554309 477038513 235122877
926725242 494976540 399756094 494976540 844146553 403980582
251029686 145514428 251029686 143106650 16534100 92335368
27591503 577942589 21445314 577942589 300335 247423525
268803943 369793782 201689326 369793782 243597515 327566585
880173404 896907252 0 511547211 874778496 410943933
356118814 532673324 221155987 0 213176388 431225270
778767347 38275244 778767347 28337893 563058494 1896789
602639912 489863489 602639912 133892377 326768440 237321564
821235340 806927380 821235340 625247573 93444834 683802355
315737609 420234570 0 405993868 124135835 102883957
188350365 863511657 164535050 0 124417135 659730761
895809256 347292245 895809256 239291165 476393048 80207960
452277011 538426200 452277011 147362171 197798534 457619108
735739662 167534867 735739662 165824997 466787156 119094750
156967668 440273262 111112281 440273262 1600272 358054459
322613098 419802739 2249286 0 258049189 297535222
950729936 124772076 0 62388956 760230853 114589016
223871834 899208402 49387965 0 84921606 15841422
785630831 199667220 475362781 0 333612386 31525337
15149780 604469209 0 413934616 3496083 121343826
908604972 356568268 693454623 0 907854397 252370022
782951812 462290069 544485181 462290069 568333436 359926495
862741610 935208513 166597814 0 84903750 183896895
66878000 626845736 66878000 147174958 23113931 312646371
897985603 377983946 897985603 87084381 114001058 158212125
46449497 945552818 0 109758652 11744239 668580819
950762057 840860368 950762057 696040893 517728131 97451157
296743281 988735941 42050912 0 136578865 74495124
473045374 484012567 259699527 0 363916411 472566871
901535316 143284108 391954052 0 878930914 75854956
528617903 385861447 528617903 13175555 150442551 309211845
340833355 58981638 110253719 0 321961517 32719792
558443253 747010716 0 75617233 289270431 458412903
677022660 645958163 0 619805622 340220146 561103429
227120364 681261149 227120364 183159699 3160921 643032649
636704374 908971087 305761715 0 108109383 302197290
301012003 626090092 142554611 0 73930308 311271560
358798004 877906391 18205483 0 263425345 771444936
39203197 680975557 3830002 0 14060554 128678539
808623381 478266923 41913919 478266923 626704048 408723153
610882735 32269902 0 16566071 219251390 29414968
986256272 131246348 930672585 0 582403271 120746580
888224515 444121647 519654374 0 441820863 189169441
457142877 401462504 457142877 147451264 239292487 49735904
779713045 933978448 779713045 802835279 142385004 307802507
886874846 317276039 886874846 126775725 268824191 124952112
650275758 108834340 650275758 106839076 41749095 59147129
902152305 622500770 0 65975239 661309420 291401753
848975961 685509835 0 650747165 642790316 322277274
438490600 907669575 27632778 907669575 4059605 132427749
523383934 624422377 140166950 624422377 148629657 261368046
276960598 307210743 276960598 107025047 156098665 79934453
348931677 639185124 348931677 462203728 69912691 88772068
683481674 875554954 0 170533154 362755621 805604829
108120555 822207180 108120555 118163408 11717757 675515600
332766423 553488159 0 41508804 270595636 49838836
152902058 42983215 152902058 33499648 55280271 6811399
429814278 133593253 331785383 0 239952431 59168885
160429551 73650180 140672955 73650180 17531478 59581581
878193305 724192119 411259494 724192119 214145645 53249829
408281693 873414221 0 367969492 347622535 646550357
69509828 834138640 22868222 834138640 31877181 788461173
643301164 851283938 27385683 851283938 458450538 27762693
725116600 477843762 94178789 477843762 600792694 109881729
152209015 985100507 137772330 0 96632440 389164775
876943305 408234013 0 320267171 339912366 57372528
968522256 143991310 968522256 132370597 554976498 19211739
490579369 707863640 390631709 707863640 235951961 432056798
760619099 478081353 351505985 0 100077371 370604403
52548048 409435018 35801564 0 19957793 225955037
973616743 788986343 509270736 0 919443708 500524056
529992523 804423112 529992523 526690080 223334833 310978819
860509728 838714055 0 466261751 290924309 359319363
846315757 560467684 200921788 0 377871240 281496859
92498048 130603015 54660204 130603015 45998387 101442073
988603108 737908784 461330454 737908784 847284930 590418598
20101359 534259223 18739540 534259223 5988563 530715453
607618672 491522698 477491398 0 107011207 116804748
160916241 552899751 160916241 507217103 68777676 514865059
451456974 441944320 0 99289858 193047421 187541369
760281895 4148448 490499941 0 559072367 829530
526057231 372035334 256765193 372035334 148620028 319970239
811936454 834977242 475962620 0 294767828 758446592
98105795 725716753 75920385 725716753 75884441 276351523
557999762 173140177 115144100 0 323731926 3038398
769826815 322335977 555973247 322335977 410016551 69902108
618439118 859970450 0 800166546 146839713 334161401
997628471 608268858 997628471 174978588 318184059 606212537
673143518 221040965 0 215496070 456903398 84998006
989851247 52317687 989851247 10002170 522342102 19315577
411907919 865283553 411907919 766102018 11719902 375314737
993109185 349031458 993109185 103722687 977518003 11026175
311275832 109730702 301271459 109730702 309341351 104227933
